1096928964
1480716440
1876192628
72404580
1734831364
930546610
310164380
754418368
241355438
1563977986
2116680192
1799969852
940955784
1465271902
1879800796
1054041730
1024840070
1259234234
573968354
35926984
45547210
1377372794
2112005372
1542440452
476032494
389555370
130249974
1502221444
937838010
1526427524
1243260590
373893140
1838361928
340556088
280396650
1932245068
1954898656
1954389480
1585287754
419476206
296730048
893144440
1922267874
1429110144
1611241072
1565526750
67601934
178456546
1930385416
120314948
1991057858
325317604
2114994968
53661582
978150250
1116918046
1310888716
906200952
1800889128
127382530
1869727556
291458204
220928784
708830188
548122906
2006621496
1186528384
1173596884
1220756080
1144819602
115602428
899287012
1008162376
21423906
1883934096
1724167346
372439782
176294240
153449364
275690792
1078151214
63407690
81146694
254001326
994763904
1171501412
911753798
1875142750
1011835748
586567658
1540544166
427406166
1355553756
896848466
994872154
666437790
1775312308
1807739170
417728792
614098366
222912126
1878664788
2113792842
1246347060
1635234392
12011062
848706308
1845670332
1020946296
36587192
1500302876
2036291302
1079192606
131486932
952873758
644218340
1820947742
1384235710
983728954
1822706762
39459886
113473842
1260096724
590476396
2101669418
717715602
287286100
1327009164
1106730856
993469836
1296015802
1296448494
251699482
1434001268
1613091042
192459196
1239689492
142086196
979301896
517851710
283066944
789578822
1008000102
2052792964
206795666
1213442760
2010950626
2028589776
1660616106
1104868220
2007247074
391856972
1545462656
1451935036
966494578
91480044
733928316
342107182
1629495718
244914532
1210459602
1982979054
431337508
252505454
1839675404
1447862558
169518092
116498556
1307723180
1122290324
1929792116
1181646220
1540361114
606630682
909341744
683186326
2076261764
692229050
810228880
1631819120
831027442
491958646
1535736802
35686190
1469419008
1799432222
1285330476
310110826
2058290064
2110582732
1269566062
1709510396
1771834114
1086162564
1645715232
1597384340
838223130
114889624
1474321942
2100159358
971018082
1029078306
1776124390
911554462
1280360116
1741575780
533015852
415296276
894894320
1731783026
1912543548
1823736164
1862315992
1391129966
372040216
1986413172
1009492990
445187550
1989597428
143134344
1790036100
989599542
1237425314
885257632
2031070296
974650942
1680856078
814057476
1923350536
134061844
151916686
1483976682
1784398462
1093553002
242187858
1897010070
2024542034
1758379634
1125587356
1267538668
1395908868
729162332
1174526394
719312492
1190389984
560558240
784419714
67976008
1653328220
1902137690
952421510
270062202
1780276336
336023446
650101366
1332003170
957390972
1747551286
90884924
820982098
864227422
1493155268
368569886
1696499878
15414936
242142252
802328870
1789125826
466129588
1224788206
32634564
359077174
1463218014
646253324
1702553120
351776116
1344477448
920601896
939005848
978046948
217371686
1568372270
848344316
1563675984
1152463602
1355682104
1937846464
1628895594
1145406034
328020788
1444379086
715227364
1207369340
434913374
860408386
1491334318
1103333144
455630132
921156550
337380456
1764108222
1199664206
1170020536
1051314348
923416488
31469720
1225557120
1081428486
1312535702
168096798
1504184006
1687407124
1726468850
46000542
922751046
2146824376
1263151508
959317450
792338686
2140768566
60095964
884138518
764548350
1021530892
1131893028
1814791070
689047310
1182478616
862269712
1263412632
126625254
425070294
810436022
1085791030
1187233358
1573336188
782051216
1788206220
1327885616
952096080
2134427936
2056071668
433313086
1681461374
98114338
295480504
63325912
1595769774
1426383672
105773368
991050584
1045352566
1900202002
1849713218
1451834886
670263706
397372850
1284406962
1706796218
343725084
957748880
682658648
112263508
137339310
1545830616
1931736560
362810102
1687326702
1841047974
1985292760
146367104
2086940776
116005500
521345836
1943471598
863524894
408742176
1667046464
434089078
319369286
1147066092
2033649172
1450704340
132253842
1313269432
1451176114
1753933182
1954106192
1268660450
648404296
480767278
1688771392
932707166
4643314
1176442278
2018618704
2114884062
1203454938
1192160570
1383497734
1720408218
1393507408
1960515808
2022731488
1764888052
534024424
216722076
610296296
400280550
16028306
1247406096
584924670
954982936
428144788
1096199942
692364038
1747363784
151850958
1600805850
1688498176
346916982
950373058
1614243728
1233165510
1035870290
1984856432
1330723838
1629727414
1166088424
2022464032
542077106
985243646
443731488
1255067618
273166876
326010758
493915198
1637388582
2014039494
2090866202
1062756284
457399656
2003068456
380349776
1053771398
1421670174
770587746
424604548
1066926646
322270704
42925368
1830698034
1922954996
1113852140
1532482578
591575882
1163617378
458227766
1739463082
261996954
1614198872
418665076
1788933990
725161156
1328585908
894751056
929067786
89785434
1233252360
86370204
1205656892
626325518
1803445598
1930919750
881766990
1130694352
753520618
1055725270
207569768
1714735890
164148406
1693339042
1497907516
384291550
210392600
744606030
9497940
127977380
1965254016
1659657206
1976202544
1696310236
1348460188
281256130
797086876
1096881906
416453804
340202872
775401622
1863761932
1841128824
785186174
1356301948
1310780278
749596308
733887118
1714968988
1134806602
1114701732
1377328880
1617436378
1765674790
994312770
1293990744
768071582
628886400
672608292
103653852
1050858956
1445467428
1997219854
1238780084
235933400
1121053670
421397748
1048274900
715607850
1125022694
1053385382
1033637972
1791921810
626779898
1781982492
654896270
172607420
1756453166
1126889950
766986980
1238605406
1646555042
1633799914
376425970
1312300082
856503768
1834904080
2020250238
879386504
576757248
2059361364
2074636516
26741376
1385125080
1408454824
583683798
82929736
374082554
1540946364
286180216
1200810798
818816838
1397278128
1875245542
295513910
1393711582
1236531194
2041308744
134193786
1584127368
944654344
1115147484
502400904
1857500716
845833136
618194214
1628336216
112476162
406975100
863888436
1517942518
1111003196
140447300
1396861990
819671112
1502306652
473628734
199105200
628964712
1771396662
637560056
483777102
455048222
460216664
715157858
145302252
853924110
1363532066
1522782360
1744792076
910663422
895771950
1830951604
288122678
1168496666
1807278510
681405736
169512688
505329344
1826919984
1086121902
462600964
208268398
2120666658
334181624
2115007236
281480942
1382595780
693597888
142588428
376141196
1570191306
442250174
877848350
219722614
87753398
379941924
619211044
369171514
1367135740
1086223122
4519308
1966958022
271758220
450769856
744979974
1320000084
1563762526
1219808648
1020808608
1718128432
1101282474
1999601084
559449834
1198414710
488176442
1181878996
421143316
1228065756
322556442
1654702562
575436968
1859105164
1159631938
341146764
38804254
1677594372
22632264
377576414
485419518
1573036856
1990837910
584178476
1317430116
975538454
273379252
1743996002
1478737122
1785731368
721823902
2084066186
1488534548
1444654116
1459394154
407025804
1074705446
1849101310
1902556504
1092943542
2146114832
1650196488
240214184
1815281088
1131350814
89894212
1320560364
1924183334
1287004124
1983568414
1557058932
1651916060
1185722208
1070410574
1823623820
1113886840
1353610088
216355112
1604399258
1646583838
1287326242
1052398970
270441838
1076600062
1651097252
103967552
981914354
1037392464
1699614984
1046513220
1002345876
1441110194
1818441220
2060436218
1848083990
177941410
816122148
1100987430
1388650992
1466463078
1048962180
685337054
982484614
289364866
1809017400
1391611366
1188453338
280625516
854872106
1310775908
676679802
1798496272
1962320160
267287110
1634075310
564746690
1166130016
1507375992
227725438
1630049650
945576938
1649503690
1035249390
241036728
622520684
1552379444
436781858
417606856
727407438
739767732
894767786
1444622320
59047434
1877934650
229786668
1256248580
1116834108
1997890700
718618056
1748800868
67656338
1704578560
238690148
37433342
362532052
932318772
832832988
1118246420
1016523538
251389498
1237055594
745480220
174145754
1698730352
1509919844
705443548
543662262
37559030
1057244756
1247897240
1979572916
892758526
1986429776
384216712
956853486
1866003964
1998193864
211082498
137026158
159052196
56954242
367010292
2089810360
235010708
542679124
177252794
1555509716
1312378388
1829014506
643522782
101195450
417449134
1084491254
1935154210
745912148
355253228
1979661924
1086396632
1162839434
679498340
1319760114
365712922
189551644
654048424
1998109558
960870942
1927336458
1356166934
1273949986
177129884
1071871728
1072158630
1521558678
1117569980
1945126300
1845812244
1393635310
832745710
1315441320
1941018126
1367125386
836201710
1418467444
469246528
1913961152
179549616
1945473102
1479418824
916710186
1022458250
825961866
1966916888
667331708
805706892
143897202
1808018288
222558366
416271842
873215506
720672268
1251295622
593454594
1843335068
1067797616
684011704
759556580
1763791618
1697348788
1147507906
999907524
2061928302
140014020
1331964950
1458517096
1603777172
361906712
711964940
1992774952
602070446
493579600
1979678128
648023194
624061554
23794590
1888494582
1202564070
414530862
1531485946
1552816400
173760696
1511298782
395959026
954583048
1030031536
652423156
418318296
1091569488
1542231860
1920134394
944130896
393389802
1290725148
1042119982
1733218484
170873480
227156042
1374805602
1947899148
97187786
1394208186
1780637690
504990038
1461972120
1553138330
1581956384
619907742
762393780
767622732
376879588
1474802436
2019131134
119139504
1956967416
441201304
1319183916
1254338460
296137548
378421990
1345595022
1960894190
1671857502
924992436
643743488
2064072852
1433794278
749085146
1849489160
1267420890
493003874
608421124
1508548794
1141697236
836348160
278678344
495593368
1803593236
75434234
1672558690
1347403338
1735048042
1049854974
1625467888
1404262918
951606082
460344452
1918607268
1448328964
199153422
1901274662
1909352214
480643358
1105741148
1823688676
1825911758
754953790
940132882
184643044
1631176606
704128832
1695511048
918391058
1307117548
681803646
1131437550
436130960
2055561302
843094100
1920650592
22481242
1160091022
1839819732
1131320296
184776972
1225878916
1383753948
1342278712
2041596006
193061662
1912717170
717395900
645951850
1425695522
1168900638
768855678
346870836
1475578704
608872222
2058906352
470980720
109869752
14659820
358645792
2003785230
1373696954
1086926186
789566620
666673740
1268532958
1306037274
1043951986
1622377812
1678676690
976448124
1245045082
2106011140
471953308
938355906
1834429986
1459021492
1772523642
283096040
660495982
1660594806
1417511106
510007668
1041736142
329514556
590820220
1976393498
1311783088
896474958
1365367384
671341634
492006384
929719706
147204852
1536009414
1887399108
1698968060
2116215692
1599671818
1365574486
2137557718
2070588724
1925712428
326993372
1601886776
230912998
1796283510
49571776
1485504524
1573815682
1837717718
1410396158
976997910
683576096
1419450984
988761734
690834426
1889921908
1268792288
807888062
987768046
1387193906
551266502
1854494288
1553520530
1081154072
1509936300
1942276460
258480986
1373565300
1543337474
530253206
629859714
766839082
330727018
847425120
664356324
1739858890
1484679284
1025281520
1406652648
749351114
1368665666
436030652
1504086904
1590287962
1082936876
1048464586
1687803504
1539987334
1129829400
1750602066
1892078816
1540623860
1938319448
1398718860
1092028738
774212058
1433391362
1638089806
762507674
2130426574
834175802
1107715554
1254304520
1004244030
1886781540
662830206
1906715268
1675103198
1014248492
1981125576
815404838
2021188612
1712138822
1244467162
2019326604
1208994590
311062620
1087899626
915319886
790912400
404511070
1794182858
2001895160
1496395816
2145192296
1239686600
1556181016
2084654636
1865242754
1929392792
2070102644
1038012980
700917818
955421792
1603376866
1569080302
1154713616
1954316332
1504137998
613935364
1605217290
291669966
782712332
325296126
114352768
390603808
2077480020
570393410
455513394
1008397430
762182124
606425302
1883676464
1693373812
757075868
1433549980
1840460862
314076692
1998390180
1589570612
695720232
1666840130
336433498
1389890438
1625035344
51624544
1385569592
1977005178
766946668
1427359886
81072172
1757174264
1275528188
470715888
1555441892
96020300
1768435884
1753425536
1344446296
313473514
565650190
1514745652
1901892880
1592836866
1438820208
229018382
1484088104
1605693228
497381756
179529434
168238848
1056761706
1405362086
1214466546
1651333162
1695049962
323246494
1790043944
590764150
133831928
33965038
33193782
1429499058
1857710188
1870266918
736001764
593125754
1437712490
336187268
1341093828
987603064
171067946
728207194
1523038924
1720997264
1044316468
1273609046
493069578
1995958078
432317656
1676512220
392041414
970731238
46683570
1324692060
1718832524
1296206678
657418956
328861242
770200462
426879948
1576596872
207507372
2129630520
1708605772
514077714
412651370
348128040
1166571252
1899988538
238570242
159174876
1464874918
1958095606
597431096
871905802
1663927104
2043338096
414216846
873993994
1653103450
1840701486
1194053146
1362588670
1875083320
764009336
1713479334
1992022826
1445867588
1493720972
488298748
652537400
2018190342
2012434620
571407162
600982704
2021759738
494111010
1786491766
814818688
1394301666
511636776
990956390
448699956
1592356504
503750732
1804919316
1808140732
513618118
977177594
1597190976
1507581008
52783202
1567923704
734929492
433493348
1454414556
318718308
341086574
1839078368
1824494008
96375066
1306686430
1622744264
91822802
1466660950
1114562598
1278586102
582998974
1094172964
858127616
1883066708
1771371236
2063216376
593188612
724617524
2087012038
1767050490
2079886524
149951752
745982776
1657765088
1621528818
683883270
621830822
1806008656
213418248
1496484806
2046761942
1902419576
1436853420
906635426
338940190
1366017470
572856682
826563770
1911101714
1421572076
1676045536
491670994
123054386
395444928
992219066
792225552
1300300424
606508230
1821772498
1312453454
1869151420
2052325538
1930844798
774294348
1608512394
2023428744
627049560
1841184560
1249476658
1796377136
65974746
1298366668
959014536
1049748670
1249147188
1570266160
1379707438
681885814
1659925236
797114654
592365596
1089022674
1740475056
3228400
1499997180
1416340254
84095698
1235888262
259937264
1817396672
1900049974
20184006
860065204
840887988
767758872
1759631980
1940823728
1486858124
1763826262
13167622
546884874
1320414848
1119214436
1279243062
1040134428
1293757174
979116454
1027865772
463533646
336739132
841971214
988049704
954191392
1138865152
799840550
1742290370
1060157832
1246305236
1004919776
1790647786
1547791836
803835090
1992791872
452523748
361121502
1916648854
859507160
1493204276
1368903362
1958047478
1783577482
2136721812
1185360540
196852982
1158057672
1623435296
820585898
658225216
1956195040
389698994
265938572
1206261934
1751981634
40434698
80053182
1091815520
2011140992
1862374702
947300130
176643122
927773208
920532190
1267653700
490787944
1115192110
1370961668
1108721690
191486962
187776238
472575030
1033952742
1281007824
132490288
1354492724
1135401344
689768292
186592248
290650554
1057547190
1247468898
515171370
1284091814
1967358328
1936399136
1472610640
995320156
1766789920
1794261450
680524894
1977927990
800648784
443869536
1860284816
1759442134
668950862
114250840
714653770
406919826
2057884266
2050824178
142818964
1211341334
122938760
490877952
1323712966
1137271052
1524216540
203414708
201513200
961888736
216375332
1972571626
597826826
1501091832
981719226
792004840
191966060
176362960
2015225934
608515202
17183598
1164939214
146095964
21014772
1441461902
954391754
532869232
2110280022
1365103550
1405788306
904750166
20225452
456456634
887433948
341237182
1625678224
567700240
29638722
919666278
803521940
687117326
355450216
1096662564
1929315754
1453295850
128539998
329772604
1252049730
382588234
1670613738
1387059106
1236521880
641542726
1305625946
1258847734
327451880
535294632
1977351454
3039722
1117262928
1247533356
1074875740
618924810
1727207176
715040290
2051503346
1712222320
184998692
163453508
871460954
1334440126
853761742
1329788542
1441358224
178042016
1991254274
1045668582
618206952
1539763792
255048288
177925644
1013491364
276213856
1778680470
988923332
970634114
729245716
1678528046
1356659620
362195130
389960342
91819654
1136847224
1287161980
1167562462
908378070
1394992922
57432652
631086700
1414799458
1883666910
1644353802
535193358
2105064504
2062367736
1084209070
1938145300
1596033564
1554734256
1472545866
948262134
1143848100
598641776
1613353310
942685680
292112290
1524145970
732811190
555913632
746147642
552765370
1753400688
274104282
1554993162
1925364352
725316834
1938238078
1096451326
821556636
1572633990
138206284
2143562548
1378205356
856000878
1426789138
2075461616
1790597870
1700234234
446971202
891117742
408435124
1418658222
1320297702
734529016
1176494526
384886772
1901460382
1999921926
1401095856
783250532
760515564
791748912
654584960
417027606
1726614648
443058454
1710783652
907782546
1799221700
209935086
1901007362
333007054
181386634
1200272120
1348496452
1804488578
1634579326
1936342730
193287464
677088940
820612508
2032083450
1196176458
857361226
816021748
2080063496
149552522
1593398586
892061384
978970736
716824684
990603068
1516159562
1865264872
1011335344
248051268
1186287842
431045304
2045316398
404621878
25138306
341503466
1049028290
340943142
1890537660
1913104470
2097855924
317645166
2050173672
436242962
2116795806
413728200
819076670
1822032434
1450248218
1046652666
1734019984
620267658
993541376
1760691078
2061760550
372739014
1885953742
736350260
934620002
163788380
1207866710
1430091322
56707324
432958022
206352084
1546656120
1734949588
1276318678
2081477194
700127548
517034562
1282233934
259794700
839129810
1584213546
960338100
1410502628
961453304
919126428
2065167788
2065855974
772234078
1679255848
1357672760
1649605460
816539508
1322800200
434214748
96745252
128228092
1334639210
341486014
1573066610
1726829894
612162744
1196902436
985206214
2095106390
343498172
809822714
1016845700
80265724
686061200
138620550
1338630986
662049458
786614594
4771926
316303370
1158658716
1545546402
168664936
2003243560
1611129268
1518634384
25687914
1425611128
620724846
694633044
1319347864
1505728302
30890408
2045252970
1750542784
1302386718
1575504888
1186150654
596351554
1911421502
1320566334
1803044332
780217802
1335724858
1002456358
336958722
2072945194
1930530408
1381538136
1980829036
1021081914
2061754340
1052001844
61181948
991426598
7085566
929836296
1189675762
77173364
748845556
1568705006
118380744
1029409730
2035169026
548769850
829833612
2028330216
129535992
1721787792
2103513048
1880872154
1275051254
972483060
116301002
1878403842
1520668164
1545418900
1389164666
504951390
1942185070
861567790
540632144
176666246
404726422
1503426468
1681272636
2038950582
1760017958
1776512274
1965334518
1203309146
1054315076
1736246290
1052521760
486210062
790301544
1994454992
778871634
363812510
1616714874
1998644816
233783138
2089255346
39572874
1990574128
630182118
1543911656
347360590
302034204
1667810504
292556740
769852510
1457635830
252482592
2039403294
285658316
23101320
1760565964
1271495232
491218562
1145558744
1447506546
412750406
179953248
1078180418
354840644
1630975066
717700634
57378602
1786652766
1418599010
134922054
1269160328
701583164
272258800
2109731306
118990434
1666598164
1672783438
1114445646
1795448938
884095972
1437596318
1954888056
979781652
1962914656
377824402
1313447178
936993144
65627030
1606965922
789159390
2127252716
202168100
284994834
148121710
27978746
419353840
1442038772
1539651800
541140830
128447542
1477518274
1295298500
1402769198
686923206
1826266280
1256270492
1458692288
643253724
319632956
1125154526
1306512194
99765272
1034682116
64534804
1312141932
101311444
228216442
1324943938
1047789302
2015671134
623041394
1287252604
101385280
1310436114
1882217132
870143172
1501739846
27259892
27108678
189493784
233653458
838335736
540865194
1751064184
293919504
19775750
741259370
789847734
922769302
1068622058
1039983790
1528041886
1533453360
1820311748
260269564
1305882164
1377593682
1050893976
1071746058
1832378856
808212810
606604818
110009278
328021534
2023018830
141278018
1343467258
519080972
1408314912
1262292736
497699878
343534256
1160674950
1875322938
1516508552
104231974
65022068
446772446
461864228
1386425032
2124729772
293166304
581685406
1726919378
636472134
748757918
1100449880
1174884416
1228522650
36054520
1673731708
143851902
222395532
1913639206
1470267718
2066586566
1638389396
1855720782
1230782640
746438894
819224658
1478607636
1910986028
1050184552
277119724
1140566914
1794740124
1532003194
2071370402
1143691314
1562916678
918724780
133418148
1283289372
2137544902
1183139502
539071958
1051961450
1234197830
148828994
2050306872
498982006
1774011206
1620651972
1746731670
1640009832
809652540
1671902348
760954958
1190959556
1735488988
837380706
787574686
136206076
522866608
1203159386
627492120
188657132
599213166
1577315314
1880097646
2108011724
1742297980
468852240
2018791838
1329581088
948844700
2052932242
672322870
2137050476
1399171936
1324754056
804582608
2054215622
773061786
2040588764
1828145316
1888549058
91397982
2044067122
1716965200
980321540
661248596
819883248
186724134
1120271692
877079686
1255629870
854051048
1992979620
660455586
1978392792
1337270684
1965814680
272416824
1698477978
885325796
803527170
458110236
754741930
1708076946
283897408
1107463458
1033844468
373709206
1168975412
1377047686
423366346
538719448
363099628
1833527308
98540374
84540398
799054194
439479710
1688808360
111757956
1558567184
974699776
367523470
2098260348
1257802546
236578696
1502548908
266333400
2134518192
1230428440
1935286590
1432967510
1824231818
907864630
1691630362
121842658
1001703942
62119944
400882418
865398078
4560706
1880103862
1766025828
1369909120
283704182
546907232
1894666626
794599128
1235409064
1646364252
1322673964
1385611834
1342944158
1948239000
1777348906
1167039836
670460186
472031626
1169550968
65757286
51882044
490571078
131637450
2016085276
1514354000
2079117730
411643426
40206890
483961806
366776420
1921370742
2095924722
240705508
1387127714
2060213180
1768707440
1828621196
1568019132
2087325522
678649772
1632652038
1483854074
666812048
224830606
599789588
1436851300
197968964
2133037474
1666654710
26958640
1833786670
1016183994
1559191358
152267150
812901936
1701038776
302280498
1405780936
1947520222
873400894
663532304
1964983976
739247650
1939507604
355740828
623675518
1314885550
2007148512
146121682
1449101372
136506788
1336303046
588951930
1416897070
793483328
1289116486
705182278
150206098
150262038
1101490886
764171536
2097865480
1367441320
654393898
2050920700
1787024888
1537651714
2016014868
1470986760
1190037148
1059394062
286620512
2043584386
112631700
1253941260
1819561528
906134150
1284726594
216496054
750362584
568393540
559828628
595093562
1056835190
1460114772
2085276866
550618406
1041903648
877616566
454150766
151108344
163089178
2071357572
1012012912
472654392
315453460
1845519166
263764708
1474681160
110985168
305739614
1730743088
600964000
909029076
1598581192
1541854398
415905388
127284626
891273588
81118406
218320236
994563478
1634820174
617667074
628521860
1177482388
12037946
2009489666
868541288
304149012
2120227822
152485324
928214564
2025930048
1958859764
1794662342
1206018364
1086648138
1686991582
431896050
1779574612
519334340
819529092
111255350
876693522
254183658
1917294922
1235876136
811397494
1169195526
410257410
739282082
1913570804
948823980
2056408090
1696371934
1895940412
1119391954
1832503758
1765821406
86289864
55645444
274694916
1011868250
1125396544
289154700
457712874
541785304
580389128
1807185142
1126789430
654270274
1142240976
2101842604
50665076
1172143706
1622101310
2052284966
1667270868
636285218
181182960
1102023356
1289696950
1046070878
331010002
395933174
1492154568
219281984
517864172
1807339584
1120292418
1656935954
499258316
262316014
73587238
731043182
1833568034
1088844684
2029859054
1043656336
1393046618
1030198848
1816183748
1652949258
1531056296
728267868
1686520628
2044878322
316380632
336509916
395897428
1389587092
1324396572
1676222692
309452754
1787792286
1611667560
931197550
1002565990
1324392918
1632200036
626588244
1129527302
632914478
241649378
1295434194
2109700392
108949082
646279724
1585365652
1764525828
2101572256
1783057344
395817776
441159560
1201314830
75246430
1678533962
2131416680
1043271330
150134936
1928448994
1120523632
905060942
1985374088
311615744
1469014384
993777378
692200934
149917780
197874150
1130791530
941251268
1638965144
274935450
968392860
1522282418
131238452
111573588
321657930
673138102
325983268
1136946950
1256565864
1306890222
40013034
148566920
1278322594
792569220
2101381610
309965364
1136905850
639067472
157652988
1796332388
382623512
1203231882
710394692
1155267122
1818982966
804964408
1893900550
350192218
605024156
1428674434
2067418684
1406151438
595928678
1708076780
430956144
975153360
240333156
1388861328
757105268
1501108154
1272719950
1559820794
1977086426
730677322
2018334168
142245024
566375032
827042710
1290060818
115062154
2055365910
777846124
298291074
339701348
1870840024
1650747518
1638556114
2052106572
615227866
322297730
1637930960
1529551632
2072783388
370094114
545806642
1793843562
803334500
1344267882
1373491364
1816222394
2003143128
270558900
1981297324
686365936
1481372068
388776768
1562631496
516496172
731342348
309322784
1447173018
1442769682
452812390
2004042108
1607639522
1805587318
585315366
1904080228
1368303670
597160902
670300998
1045259732
1554306602
1296165140
686979758
808826492
1769891596
107481304
34248824
1286061840
84293104
1530144026
921203906
1420203720
2033264190
859854660
2010365092
477075082
2051206564
804297850
481242058
1724037892
1038019388
1652539164
532501902
568391874
1810446276
1119448678
1800646380
470389266
921744628
1488610570
1305905004
813961736
174474010
724068730
1673527562
1969084046
2115268830
1634871734
1587936316
232180118
191056932
1924132832
756156300
69970606
567887012
40680820
982108998
65009526
1280820808
452706784
801169238
1667103250
382021254
1205971980
1096906512
1211808816
1074695568
765999916
1596002992
123761512
1814229632
304948788
973379850
1473151286
141030780
391964090
492403116
1073753044
149919374
1714727834
833082182
1226922942
202017588
1526161108
434722218
183100396
1146490994
1325062350
180516444
540578476
1122045680
1962189610
2001886658
897850056
1555820708
935691980
660086654
1466850122
201529854
1525854560
793834624
1119980680
985041030
1404388330
313972970
865380704
1442921598
1413744548
508775416
1197260648
1499580418
647281704
1457609922
2062372142
1626221344
1565550926
1151318930
954900188
726813242
836250866
1176689584
899915696
1733857544
1322741398
1904339632
1637840652
216721208
974887364
1367771982
902422728
282757084
33269904
642427220
903666126
492304466
1208172098
1732430984
1329063780
215301374
1641440330
523722312
569622468
974014410
2104879016
313401340
1682239888
358696734
1236779976
1582581496
183984266
1927034062
1020536538
489226512
763098920
1515923186
1620914066
1577007550
623786280
48925594
1785361940
800376198
242995368
1307680598
2015465646
2138199668
38944508
499856068
2029549094
1497429210
2520432
2064101756
1061097058
1558793400
1558257192
1243739758
593671432
530885292
1119815222
1456655568
1975443890
389958380
633542332
171652770
1936994058
1196219772
1065096426
1332224920
332771606
1809630052
674738136
1776582214
58610448
741680708
711062378
1738367436
347503466
748886424
1767942522
1838100456
548450146
347302148
1368962148
1761108314
1031870804
2122827960
1590901704
1544616844
1257651202
1117910168
1051460780
676972510
1877748164
399840834
1944101704
408691860
983222280
458870492
221629188
2052925832
2047781496
1268261134
136373202
237468608
829662744
1689358354
1247848516
1823472880
355125480
1351472694
735828656
1109491578
373210456
1411624080
1323615292
1031152892
1295880408
446082148
1285013922
361243498
219912470
1498734160
73203270
1109111904
1663552536
335552330
798280218
948203432
1078810962
1389314828
1907101734
1691222630
1313590684
1494228732
425206898
109314208
769672744
1804363016
172862218
1177355846
884623624
130217406
1792652350
826948686
1609663960
1157106568
1452241448
851721848
1047006788
631495602
147547356
175117856
1924871382
2089399956
1755335700
1366819930
1094592198
1433264552
621902610
973412536
510287596
402388294
2101925682
2146620470
717337810
1719025208
2020909202
1605728556
871871996
1177858144
102550150
1768352772
538299206
7449932
409849402
1553887664
1756984332
827417108
1712302562
1495047092
1301940366
1872634866
651986192
1503259832
1785286202
7622094
309713582
1408495180
1550158300
806519628
933372348
1551011618
1613552024
1852732534
599610226
1804093954
2119219604
1079374186
1932358124
720698214
1749104586
364414406
2080895990
1569039892
1825952384
1898468894
1416390706
546254468
2043713508
441007096
425247564
1218813120
752681530
333264554
1750355988
1466108488
1569598102
592667158
902219658
984519854
51386630
839048248
1046792644
1007413212
1314301880
1115882094
447698222
955834130
429307456
1001321086
1438931800
1608825124
1184196058
1307878864
965019788
102318574
796121528
610375458
1156804608
709697184
1740747024
945760144
688168234
1896556682
195191470
1383236208
426580706
1360591764
686293426
1787963056
1789575848
1116949388
867154048
1722274502
153690372
897976134
771385216
702130142
1780150658
129900234
487196414
823993176
1309221922
2021774264
1588201174
1751942856
1075971590
1872728086
1212007510
906165172
1252528610
1050761710
1065874776
1462717500
4781448
1410315822
356828580
40171066
1516280740
1631487038
284925680
1168345792
86015418
93859218
1343044538
422730778
799606458
1517749718
13699708
670675120
929149782
696928148
84783816
683246244
563545980
750533612
1231343230
947793802
91665222
1637877262
623597180
139467946
1246699500
765234950
132423346
365075304
92783990
523607962
490834858
583350966
1600907188
1075896708
1672250264
1488431748
396789686
285861776
1199913748
2014278256
741402976
1648679042
239080852
384928228
988109124
740847818
1897706968
1448725136
752024162
1100391824
1221465928
1358917784
248365626
558242462
251103466
926941114
360248572
554417448
1403164754
185365500
1177697168
911125714
1375654906
450428340
425703032
1007143542
1792026900
487974906
1412516080
1530634574
188008100
1655239820
2122651748
692602354
1642104842
24330978
872104858
565389138
965674890
275173742
825253670
21236334
1556291522
1608226038
1531939574
893792320
1390064144
1477494212
997334100
1863942136
1251861992
1556750662
540964846
282827230
1578603302
2020508146
1300202216
197788652
1284656198
126259138
389531656
1837490936
1619627352
1638205374
2056934340
31103966
1792465856
1430250996
1912981612
200999806
2010538314
213448938
334445684
2026989684
1006306618
55491194
2054508904
1048431074
1686981488
1210768594
1113981524
1355671866
1105214244
12262030
1638307194
494313126
842096194
1957784274
1437926706
315571922
1021827632
722719576
909731928
1274829376
1579874372
646466278
1516612618
1603519938
1057367602
1093763202
622554046
1349795914
972827494
1681820442
1925131854
1988110856
1694227002
628499968
875503556
1801667880
618768006
1594999258
129121092
1005495278
775026792
65550810
1668385762
484886532
1303154698
1131403614
611652400
1657979798
888523496
898244158
858740410
1302945904
1144205900
45562334
1213601216
3936964
726125214
1838494020
1017185568
2090715732
734874850
1232374480
2023018950
2140305870
1088613380
478820660
74274464
1721384222
1851392402
13800578
722194792
783946828
620239850
1684491606
1809601576
682735824
2143116386
1347506496
1677849406
910041172
44913376
850791570
1662463460
175069120
1956356740
1799927358
1593259380
2052950420
464898998
870345998
1538776116
1265887964
506959158
447590596
1777191208
106240638
1816729132
79562468
887022540
1434968968
1054267760
2072616046
1327633472
859908660
779529578
1201556
1343791530
1997721152
1436490428
1042633724
2016622486
1849806154
1466167998
762256556
34209582
11758984
897880368
481552314
332249200
869138286
490818744
1475078686
925676970
621960800
1235507252
703548730
616635840
485023790
260667958
1065411844
41283406
1724336834
1178263918
1645490474
1470886856
866274088
272961306
654533196
1157293278
845953532
2010517026
1751515404
880542342
1522816642
1598352182
1536585958
1406707536
1859464230
1406794914
74346762
803846962
838023386
1173380852
550221492
1665422464
751086998
501248000
1314916558
624052716
1990201264
1040754386
980368678
1765462908
1763470066
1706710508
2082350536
427046466
1101311920
1380693816
303026354
748376054
215032940
515398202
938388260
909277692
592997452
955325264
1384618356
626541256
954975100
1318197532
838156988
1269082036
565925860
519814200
1129737882
37464324
12885818
313622634
778075354
593890824
143838772
210696166
2048666578
229827530
189956558
1716430786
897974458
427872556
837262832
1802512412
130942032
1139916546
328832612
669626994
1227469430
1836520872
252508836
993551844
1719491106
1464884634
732030162
1164374594
896087732
515148072
1087456464
1304308970
720507922
683520952
884505578
1682919932
1256160054
1563071544
886513468
398901954
1473495136
79364984
412362744
1541198674
1933622418
325906842
61606752
594333894
422144750
2096984444
1555759598
752160392
1125243146
397563562
486739284
1389067122
652477276
586374180
2135369940
366947262
1199061490
199040214
967023608
999741188
1680032078
632827396
314498466
955776746
1371134962
1148808884
342777676
372451338
1584084226
1310151360
522654842
147590908
260453256
1319884054
964366040
657468622
1208089554
526765422
800924596
550941956
2063411978
1870514296
2126059860
1122798072
360819002
1724081940
1570541798
1258932080
856126236
1815038926
1924436318
2138016760
755487382
2137267264
554140262
936431922
1968390764
919683064
531942512
1993370198
281714700
1725688826
704203550
243885206
198898986
619333232
521695090
1418114966
110773530
1084873954
1342860118
1208836454
1877100366
1719742032
589637524
1939968338
1363165450
21377114
1108589284
52061372
1204106792
851964216
697047122
1216932264
1763279346
549487850
922959744
1954600488
1231062340
947213568
254012020
118185196
1276208872
91707126
1769198746
1323635462
201305024
1746690280
258547028
795179824
1418128118
1371071830
1721738066
601987986
1406998654
1801400524
1708780050
838271746
440408274
1806146266
1099952604
22526092
732396290
708665966
1946758056
1054957176
1953252754
1770989228
111055816
1035954184
816496104
1428862926
2079520858
1717606640
30153158
1593522792
1741211928
1343913460
1409543888
1443053616
565021374
1892624576
831538738
2136304872
1151459200
1236876220
73597284
960526510
1709048664
634549024
1117409508
1557366950
1899250326
644397238
486285284
1177815466
974653480
1923962726
1196342638
1859371888
1591142850
1835727362
743744386
2073861424
1342056472
1359985038
1118492266
1739179248
995901262
933527756
1916541894
145619700
1955425950
100300286
238975920
1775307086
803596576
248063956
1407458856
702385562
449554698
944068754
885576702
1635851782
1330047096
1377787326
1367789848
626346572
900892600
351881240
60499450
1302741980
1906559316
1771400054
1640637700
1604667690
1059264996
1845391166
174058538
372447212
1075232664
1932969762
258204102
1007369956
118948690
479839926
35493084
1040348244
567779038
1341358746
1281869018
1185854454
1209880432
856356342
1606928590
198304864
1325800990
157404838
1741026370
2091330140
319042878
1286249112
421367824
1817733438
912025978
1832245074
1381322480
464198500
441256092
1548335706
469795436
2001486
359824954
796791716
1122158870
118690582
1614902824
1568428676
228195940
163979242
723508952
98112770
1383541982
621676922
711271776
37589450
422943764
683734096
1782616948
1853466290
380620798
909486346
1842709136
598937314
1982154436
217025868
933604978
709368384
540133722
449610696
1157822168
340818554
558064894
1384170878
810529118
1418433430
1921183642
1807320576
665572348
682855814
378848562
1398447916
135408032
777825576
438935636
604876414
1159492374
1643987622
124375214
24201104
454146542
1286322128
1035171656
1853113802
1449234938
1850315542
756141258
225504084
833903670
221920104
1757972124
1055570750
367461974
1723448640
1777789672
1713445220
957842508
873204086
1945648828
1043187054
2008932340
968958706
359267902
1548946120
602569860
1783947568
1066560810
667825042
611767254
840684000
1697741128
2097214444
2142514344
1526613022
731060290
380786112
684437610
649206122
1541368478
759805812
38648546
1095437110
1365454078
138449672
673907162
1874285522
1771827202
975721574
2104396966
295416868
150596772
2078374306
231488454
1654003240
2117048950
1926591004
1203826586
499276582
2057939898
1808286244
1543905574
314931258
1367862130
497040170
2104739392
1849039210
1608421022
1242221500
1784844624
1694680980
1521522960
970211428
8254764
1657135346
305421582
1059481330
712359308
58945364
1716305902
338985522
129272370
828104686
692867540
1970992570
560555176
1145969146
924320992
353416562
1414573660
750019948
286238992
555298174
2040913968
1756538632
762084904
1236650682
425335346
1846034686
1559114868
760960672
1339336394
1630762404
1893751482
1847005744
1031952004
477048296
1050858720
285984554
415398922
1235372830
589845784
914485594
932301400
487627150
871155814
1061527502
1276035044
839045238
1381577596
2102712922
1745146684
851269716
1520459840
1611834592
1866422350
1748333338
572694582
185356992
1420813794
2088800218
1435308622
1052935162
647301778
1564330524
2103178872
812319158
1828709932
2075805680
930347900
533087226
678578352
2056436996
1063395210
775541848
1609818320
1817726540
8039776
1697393136
951703762
2083832694
780015740
1274311666
554683244
289492
437759426
1720817980
1783487606
1098361754
1933694664
492667594
503480434
2083198322
1707632476
1850296530
867108444
121998640
252108764
1956751224
1603518718
2063429682
537607672
1688590494
663602082
2016347846
392542086
8321608
1667055852
1396409484
1807443174
1676863068
1229666250
227396784
1408017896
727660652
1987499750
1465261094
1016984602
1343086704
1126598208
1218632250
1926477874
2084201162
874371166
2132760252
366733016
2128722372
19509918
592043892
519325222
872733722
1176416832
1403195998
591915526
1651079770
1404577994
839176340
1750721834
422951906
2141991996
1600247498
1808017784
2142028866
426661092
436548348
123759962
2055954384
1100771900
1746702260
702563166
1102821700
70977354
940787720
140526418
1043777930
480145214
60434080
882872162
1545212162
1925183692
92331020
447548292
1733234588
557952090
1477094570
2029042652
25573162
1486195062
1528832374
1976324604
1728315602
30482630
850161698
1804852320
1111856516
1143739436
1264055320
1236771204
586268750
262508236
168894858
1155552520
76416330
283549048
436836132
1774433780
1783143058
60985238
12107560
63961384
1338879124
943194324
244529592
413056820
1116872424
1481243644
165738312
1911930092
178734030
72444700
275359770
2079310968
1751516070
1470293256
1016324528
416966968
204452560
1428777158
1126410106
327083384
1721044550
32923404
848878850
280742018
1484184798
1250690692
1574486156
1005264300
1133205942
822223582
2061058944
241585202
1427824808
787963612
1215198494
1664562534
1127201686
1464758114
1274868646
487093262
1861999988
918403890
2025838770
1779196674
1576947510
583657326
286984252
1925833292
164824042
2077471354
1745412688
583166040
1937320318
1849501544
282322576
1424499908
1722882796
543614168
1316035524
1356957312
1435071738
601661620
620239016
1547058016
1434955164
1118386588
1667907744
1189487560
1754159366
777191328
1212667606
421113062
340908420
1480946450
1491589132
1503813384
1965093278
404164688
783442900
1174614658
102867190
1412585420
1741950026
1655753612
1411018432
850991852
1037225958
1445531868
1724214534
1096251698
539383890
1852782988
341522122
405197444
179920456
422509332
631384934
1407770666
1791974812
759903836
1694922872
1766282428
1953585316
1885191872
2038319918
1843697732
2018246454
1305819256
238276648
1185536636
1154241624
2005223312
1967726180
300500624
1482032820
716006728
181893172
1677398516
1663758470
656359360
472757024
1792304434
1529801496
884866710
793201912
2140834232
906896164
1896069276
1200318176
1577675178
341764962
1822258320
267148856
1899737132
738762976
1639218074
351526414
848965720
992160764
183570700
518732914
1533178900
2097137158
189568260
1428553530
559853342
156688642
645756084
1220782112
1667169210
514186742
1160345022
1590839522
600472688
1756140464
296482102
1340785326
969058594
1632322840
1135707954
1186781198
953102418
223096134
205104580
1401356534
301350894
1771137336
872593310
628922980
311443798
630344988
544927950
1697506860
2120627346
1395447410
1179320174
1037073814
1784708114
1358934640
2136788378
774675478
1197520828
769977592
1649240766
692194396
2024813954
1301318880
535071728
1672864174
2046742096
129358440
593167402
738691200
170914078
912964024
145074838
404182782
1697711646
1793629422
1233572996
1055160394
1916464712
443904940
1991531564
143894252
1247175550
695452466
430280194
315332596
1129511622
789927682
190529062
942444300
393351362
518158874
2089163328
720645486
429835446
829595472
455630344
1766360348
858163790
2062095572
909452676
778605190
1783527666
235120376
959001898
131592246
1895721398
1968195076
206174116
1587055874
334660346
494068476
148444350
443068524
1665251846
696597522
1082178326
419652742
620568052
527676092
665807914
1785411720
245545910
1110098492
1734964210
1125585938
848501132
1236042434
2069931526
2142364322
615880364
731407328
650841254
1526490594
1440830586
321039908
62841430
1587898306
1632094094
1017618242
927236084
563713230
74478670
1555149942
1735921210
1142458514
1160266272
417563036
1636957036
857185986
2099584756
1703673702
1326794160
1990568892
1561529570
1622668688
1362953448
297617848
1132378936
2135911518
435031790
1278207376
2030316336
825506388
982467344
1608631916
1928056070
31054846
1221412100
1628623882
1220185294
1541080136
1553399608
1186961314
1469283518
984710790
269747708
1159730888
23081832
1666902894
1575932010
236546680
843112684
245578570
1721643418
42456096
701095716
349339154
863174144
391894678
1597737074
1094472760
1529881450
1251733912
934129638
735370662
1537504526
786331448
518114480
1473335222
837365010
566592720
795191742
302435332
994509250
704698144
2098605594
455685244
2057227144
1402817538
1197985400
1878011886
1357463074
836327616
553244862
600835142
1718908154
480815190
80200062
405104314
978733378
70688784
1153263644
313774164
1786663452
1578558986
22887896
1868352816
252621240
1559448644
1027167020
322769430
986269014
1676277822
1288641652
1932856868
1021875504
2006392320
787607922
435952796
712035998
206129564
20917416
115814812
1124045388
1827346836
865408968
1139796710
1480141208
1743375292
2138882002
160922348
732119600
1207526134
472780080
1738841320
1293282082
1759337482
1548278092
25051770
207066146
192825820
1446254238
191374756
1963037028
936595712
824670056
924081404
978753004
1465284434
1291000008
1871339278
67003192
110074144
1021748078
2041949590
719463760
1202184312
1685453698
749134186
1794330604
506538940
1283933368
2139087414
1772259260
2010824064
1286786352
1577217152
423643482
2142443140
1390627204
2054014780
1638588818
831439916
674719212
1113257910
1904237886
1575363980
391257836
2126856660
1487142444
39476284
724386268
1992383596
2085304336
931641678
262996602
1008517092
1952006022
834707892
767966380
501057944
1911189832
1778449586
1568843370
1979675272
2084737772
1783084994
1051227314
490642474
1773144656
1618028108
1761988866
1541140740
1487974508
146663048
652222668
223959538
645872112
1367174170
2116596524
1746969026
498396178
1405831354
225305250
513316466
530924604
1509804346
11510268
1048761124
390906656
1619980192
516415598
969644916
1114746370
924380618
945623978
1575935216
824090380
273816434
630222466
1701174622
96243446
257045548
122514992
534593342
1797476032
492936058
612592174
957788254
735367846
269254276
260304042
1768008650
2129134764
866759380
1669606646
887742688
387952840
1437952470
2013162230
1615806584
1121283800
1438878324
1496822974
1998472366
1227959508
356049562
1551484710
1514677562
851441496
1974437494
331408204
1840133014
662329120
1206480756
1421964800
778858028
1676234332
1124453296
1042232584
1368621556
791843158
652052216
99254880
1771777560
1500205452
1075834718
1268350494
664783536
1017046964
1916295452
1802557660
741443550
1029443268
1176466552
1729729832
1244429962
1443451188
1909533494
1157288590
1218327778
97364918
770216690
798433906
842493788
1309982690
1332810014
1162025924
48727030
1162373428
1442562240
538653820
1499351150
1082456482
25388666
1476799390
1792709554
1544974354
930140624
1584138388
1755608348
1917768706
1978743442
852650198
1653408492
145404542
693117500
1056333674
1636193814
2041385630
39513708
1473866814
1871111730
721896866
1208534184
1700280866
1220984350
1661547294
673390736
184502798
1699822208
1577950586
1449861644
277622748
1114231802
1757583152
1911705802
711292690
1759138588
1380139588
1325884636
1827114794
986304658
369775512
2096665956
1370308000
1898634060
1779725320
208669756
26661208
1164276704
332165488
1870109870
288782652
419880140
1556524590
1285546862
1449749860
1242214252
1799106676
373038612
1063328350
580377962
1896525320
427844624
1576558000
89446800
1179684772
126264598
1046763616
1495116696
1962664418
797640282
274169228
374784160
359474642
1776888454
1253446820
1306203568
339167558
1427182714
1695865404
1228182756
459421466
303784510
1466811800
1615721738
908002928
896247600
1249797278
1242034810
561593492
439979220
1228823080
1385879576
624724350
1934736052
1005490774
2026880788
1298377584
1691230448
605732366
540151652
498684018
1501272622
1571687160
381840398
841903060
383431330
189336392
1205389748
708828900
1734290516
1507347222
289040414
994431306
777401502
7618222
243076424
560943328
1367147540
293813126
1347614030
1990055120
1335273808
1848185434
412085312
1781283970
1903676376
546902226
235049798
105935714
1270722024
2139429922
624774168
1048904762
1484942416
1052623600
1148529556
888193890
1636539762
2047085574
221059966
1177617086
1626646628
949355314
567088334
152152184
1346340718
955940618
611614714
1233631432
38986610
902595582
762855948
61205988
2026719588
892889384
320636874
2090934738
766727302
1710910026
433813148
573699020
1722767600
1891954210
532467412
1831025484
738452952
2008002490
1080340974
205404408
417139822
41039336
547211642
1047177046
1125487204
1974752312
287127304
509190374
144062316
1670548430
1807316988
1519082054
1072059154
643383008
2084380806
1773142370
1106199348
1567682668
1258394246
1103390906
1338752132
1316898430
1428710118
829201118
98108572
160613866
1874069736
1384273478
1851951566
581472946
1110728182
1488249792
1877327842
1935713552
2084018168
474817304
1621642544
411845292
1321191192
924253122
745288478
94917976
521230046
928359154
1827379476
501535868
2031808608
1039843462
1488042548
1034115288
1016332306
1198781310
316908524
454050180
1037373698
1963732132
129394510
2129620784
256244216
236288872
1523867030
1938679334
1448681566
640815284
774810564
54686628
1989088230
427156220
599880770
439304310
1536926498
409836386
899225478
843910630
882526284
2005846776
1295963626
955817100
1869991048
1310324860
1805260806
1764129464
1863943456
1490070890
1471397066
396895458
1299029008
1295183580
809096812
1850183786
1070950140
339261528
2090125792
169387780
1516113834
398247568
95998342
371569328
506659554
807173396
1110756214
676854384
1169653182
1922150678
753999342
332671364
716216746
1556054368
845246434
1700110710
1654778512
1934965180
1879774020
1148220444
1242535504
372679676
1413106916
1682391258
888611662
996045326
1819832706
1003663072
1405516600
1268226890
2124870760
1923857502
1276149174
1506846058
643554958
880956936
891649550
93629762
145120138
2004030126
1406042200
975443296
2129980820
2102436298
1200287426
918935066
1866173064
252017268
468142762
1125549986
1482086802
1974381540
740620852
1731862262
45208308
1923613172
490340430
1666794270
884541290
117644480
419719506
1936403330
1934909770
1879674392
654220198
2066042258
1967458784
1565557758
49829950
1102962968
825259618
1191751116
2064487762
2019770790
494381184
479342920
1322564656
1152916276
1919288684
401754060
318589262
1599218584
2028394704
1660201884
1925328566
340475664
101023906
344537492
148022122
316143760
879573222
991764528
2140513846
2106137078
248856324
981064426
18877844
2015965418
444026942
1300525270
1190564178
228074854
779010198
343076904
763771502
1501435826
384242722
2093297340
855184880
1454021686
147506608
790711850
253506002
1373962892
1802776948
1865462104
1714451130
1653337558
1458210202
1762981990
725576210
1592588500
1770854156
2120608480
2093326952
1283891490
1876414978
578631802
1681215474
927136642
516975642
2115373806
591103392
19422878
827397554
645629576
468227956
121971368
1450137280
702580120
62526368
1403496908
545795568
50540864
1946306514
1246977280
813588174
1535359424
1974314212
1746394668
1743121740
1727394614
1952621214
2103441480
684429688
1449473302
1608346328
1374998196
663181790
1324216380
1859167378
281933848
500903732
1893644560
984905600
1423265352
2053063300
1587971156
656437474
261484694
1151275352
1308601990
1469306286
325139510
585962616
1928378124
1305448572
494962752
657548176
1559983390
457069104
1492793116
1895708168
599124194
773095048
1039463198
1750287878
941314972
1344769596
1989396050
566718378
392722184
1775755546
632261764
642336812
1647164650
1637565810
1449708960
787368504
1541426570
1062547146
1852729680
761240368
938177504
1729559188
1979635270
440072808
390321622
763872468
314759156
55567670
1564343820
187781478
1443390912
1286485612
1387862442
126521562
1237518692
953584532
653421220
1395440350
757411624
816601208
2037834688
526300296
2123299864
1611878954
488910652
1266621708
714886992
154420266
1758234656
783195858
2084616294
360944162
2031784370
1059773720
444450936
2080109194
1040263246
1472915974
1659738258
2103490212
1400485078
416874678
365632414
1686379790
390320006
705128260
849911260
2112785684
1856379782
717272888
1829553820
1317708952
718261910
1585006296
1069576498
1055830654
1902695370
1462544948
2029459680
2090070236
1575436082
1638919748
1332045778
67530568
692323202
1731460944
157174614
880198024
1458502372
607748286
1834952590
2063685606
510967638
320279130
828514852
11411374
2077387452
2128976820
847051376
421366366
1147531674
306372360
2147461816
739836116
1136747930
2109002614
2071952618
154214594
1587013474
152674648
1424354810
118461134
2067093312
1367384950
812444164
245026612
499007230
187922698
93936008
1134328982
348170804
1701248052
182715054
77026130
1724125574
527330968
806386296
1456210364
1437770428
57501490
424309072
787467470
1178511966
1691255194
210824506
47545618
1358810078
25021060
1222095858
1011481372
857515616
1713373824
1192243652
1173869384
793867488
1023973238
1216410658
2139672610
1100441332
1784515702
1329890096
706049206
47432888
1414828094
2111651264
1133695146
238976628
436969174
1510555746
1260796336
1529621682
432930008
506691716
555704862
1507725564
588464878
908256632
689865898
305075286
1643597314
137808192
857064020
1118410030
446801504
2140377252
1293394808
1351981498
349440760
1955980134
1652569456
814512978
456981104
1644260364
354040538
1725339244
1664944448
1267133622
1738698072
1468380968
1789662810
627942856
1937998772
1516135650
958571408
811391142
1091303688
668330864
1249780740
980734802
1138174478
70049796
2129661574
1741685980
1456020748
587780842
995340094
776490728
1154583526
1986585688
977305788
1205201030
323829486
1538996216
319141784
190906000
513363746
1606478406
1474810458
786572488
1279203284
941328916
712016022
122849326
1106802126
238502364
1620751602
1393016066
765465176
1008361378
655055640
561254078
1290136834
1348291612
1767149116
379401162
189551580
480829808
1990054478
639347364
511593204
86745554
2146225116
1657750044
1758052450
1068097088
1111543590
1886623446
808729580
1853808104
1271976628
1985529396
1538796262
566730700
233393906
424429044
1094071260
1162531916
2017280608
377552100
1713184444
1562445040
1491746626
885318880
534978544
168220512
1675875320
293185792
497710370
2041140578
1521651820
1838703408
1732776130
697082356
1820341464
141350004
919228374
211699524
1967802390
928456168
504384554
1235905084
896004452
777415510
306768674
1131670848
1050064608
228001344
1961569926
2069056732
1995036196
1609336826
701682636
964612130
1901103156
1283731898
1356839354
136664702
871140420
1684130290
1822464332
75698360
2009151374
494144888
351925048
