File file1.txt:
Number of numbers: 100
Size: 389 bytes
Content: 5
58
11
75
79
57
80
78
31
66
20
14
97
29
75
42
10
48
56
2
45
20
28
75
72
82
18
97
80
25
67
35
16
85
88
20
20
0
67
71
67
4
97
88
8
53
27
25
41
32
41
56
16
70
42
97
13
91
7
33
0
52
53
56
16
41
94
60
77
87
38
78
28
6
2
19
79
34
74
73
96
69
98
81
12
10
39
66
32
79
9
23
35
48
41
0
74
19
19
40


File file2.txt:
Number of numbers: 30
Size: 116 bytes
Content: 5
11
79
31
97
29
2
97
67
67
71
67
97
53
41
41
97
13
7
53
41
2
19
79
73
79
23
41
19
19


File file3.txt:
Number of numbers: 8
Size: 31 bytes
Content: 97
97
67
67
67
97
97
7
