175207271
443916955
939475731
599966505
1441697065
1622244945
1359693681
956127547
632864173
1475064779
887994373
399302247
231583827
1641403635
802517313
1270504879
217823899
44608863
1150100279
1353558459
124524815
1383057769
1737972383
1511163143
554211977
1092948015
2106501929
1854606425
866280867
1056191955
476647147
139692329
1205999573
84272827
2043021211
340008557
609462323
1366872713
121615447
602318299
1877766505
1661707673
1874585525
1909109421
205070629
1213410515
934665101
387289955
1206288315
954775441
104949433
778600229
1739591001
1560853777
608265353
621433049
571332909
20901059
1672726239
41224289
727179067
474022327
2115785673
2100106785
788512349
178748795
2053890921
387359575
354950509
1778727647
594154751
1014734767
674055617
395806075
86938365
1317310711
2067957673
1698029157
1692645155
349204099
1409116813
617191135
389764213
563314449
1750641167
1838279167
1409078843
290679095
966036469
1192233955
1472597983
1505229935
1961934107
359214467
1383796357
337211547
221765885
438928353
353533371
14368359
1491880731
1245920711
601653261
1373204661
1172837609
271543169
849796235
1589874711
226963239
492540859
255891947
1516358599
739250697
1477190571
105672137
297046893
1237655661
1442499515
2134909195
541632515
1236353499
1651667209
1598031211
2020303669
13794865
1727929525
357358847
21258215
506112891
309351915
167434965
928866283
778789243
2013582409
680097177
1413022037
1761670621
567986415
281070299
1331652897
789737627
154608423
313013697
1102709903
46197523
1839813985
148252369
2047837141
1536613513
699116581
363726811
2004330735
1264665855
1176152319
908230199
966336077
422941901
888245195
793839497
1983842385
1227756975
34517533
1001095295
2081300057
1321008635
2095414031
2116693261
2140543923
841260879
520036757
2016670633
278395427
249504507
1153526765
742681751
1324025777
1899611509
1648681879
2105743983
1737809287
2073337155
2003321493
1322874907
1859165235
1584331339
2059634477
1460469353
314256903
316635597
261827097
587625901
932521667
449439801
763146761
1370603497
105164671
2122280653
1323986753
1092720159
1905184387
931834515
1486788707
1917077289
1195148037
1220898399
788976713
1331264089
1320965337
1156932765
2102032901
39545931
1748941469
1808346847
1158165853
1027044025
300982529
1875637535
2008490969
1841102751
440816673
58650515
302139695
95111443
1061365789
212069473
1008192725
1632353865
969989015
468246811
864660335
481015827
2129820263
988206553
1733386549
1393339173
921298895
2042448907
1915048947
1636594977
250031097
875690233
1972127335
1949777433
2047944105
1238049821
1041082743
265200705
1503186341
213030855
1367604041
103295973
820379383
1902395981
884206711
601745583
1578897495
391675415
661938457
7906997
735344249
950696117
1822267211
1518305841
519796711
1244843949
1487036331
589630797
1059961773
352856365
1547466953
388155067
1364258125
295336499
1420131921
491751465
1025884659
423948873
791761747
214013867
477729059
349860321
1436002425
2122033239
269651783
314685193
558803189
2098338089
1356955503
1191252439
1305496467
1786671621
232863745
1780780961
1230937259
610935777
1019515359
1008531291
1877710499
1453716923
1048503773
78293465
811865409
1031097053
1704199361
1054585269
2054888151
600797371
2126275823
1790314049
1457303913
868388641
2095826233
638170937
934631807
1528236675
416005485
427751605
1644298039
769480325
265929121
875355461
926226231
751153151
1547992225
706448163
1939773293
2045151153
657459685
1163964301
648771331
1420279095
2102500963
468743373
1166926249
2129626983
464901479
825467767
1839533763
480430019
895309155
248496193
1338081725
1866185965
1369203747
655578949
1134740835
871418659
991756965
778936713
1544271771
507860223
2094814651
919115167
219454565
390623349
1251601705
740131159
233454525
347675345
1008604951
556545919
2088048843
1135462955
1961330715
1638175229
48794217
1323463855
505686743
24779425
204852865
1464794899
1478828201
149855479
769381523
2075979557
627052509
104570783
1572422079
1587810669
1237163373
1725457695
1081340787
1510081347
1303682143
603100299
1649982929
508901379
1563447265
1792283113
2041759133
727456365
1345033211
1366349929
1592678629
192549153
1955206165
424998903
216045129
160097863
804949239
1748772007
1902104145
906778531
929867763
287376429
183955053
82563643
1308847603
1930548033
64861501
325168317
1800890447
862365643
1785968369
1619065375
1868114379
1452938857
2113028079
239084751
1267761123
56061171
1761876501
487594591
633999089
645085127
2090685283
1812506123
1727355955
1564349015
131729375
1555227809
766868035
1344765193
817526807
807762649
65105159
830862463
1469927663
561820933
88620009
391639939
2139286011
1996869509
1392960837
2025284143
572405813
795977089
1545864025
889730873
384676735
1863641433
580540893
2032588733
2052850467
1784421055
563788021
1862622187
141518641
1053824817
1018461173
1879257381
901319935
211205113
1412878205
219531601
1478261275
1462304785
1369418705
1878341541
1094506757
2071020653
546089861
965535975
1849555859
1809241779
155895355
1706371481
1919036873
2064922909
58663527
1254709275
251186929
1070787699
1109619283
868625785
926682953
1471890503
1774684409
1029566457
732026389
1428017343
484512963
166922115
1529527925
884089861
1452285869
1663224787
2051475475
453328785
225788225
1473819307
659642715
360155877
1006164465
1374218403
796846449
1954134873
1423238733
1033231775
1059584147
1964298513
46805317
1821864523
1576870155
1632481689
1326426767
911057677
2066781029
721644795
322785017
468432659
609124623
680502251
3167667
2076990099
345146083
719644369
1443368741
901600915
672495173
1121737507
760453185
164044345
1942879631
49335675
1148734577
1727876509
2128521341
1751933003
1570431363
1680487363
1205688395
1064230383
379213285
976742187
1273551063
44050441
583160963
694069559
282301393
292894603
33499707
743190165
1580628845
768211611
791340381
1856855021
350192887
380666759
914823955
1243321543
166216211
258996747
1972759281
1799568971
569702447
1373618451
1037854075
1416159913
1837985787
618667091
1253721181
1045475111
1463534951
1403618037
1503070149
58238135
1989052217
1326760283
1609769965
1714273347
1941938987
591218779
1668628517
619544647
568734711
1961439897
391316127
975087875
974264755
2114009045
906935059
988731933
829009825
1361506137
314596645
441196893
123419405
1606526849
1967948357
1121304505
1007219499
593325727
1911029599
861604399
2051540255
1106956171
595725083
1854346783
1269484517
943004841
271328219
156991517
1466782381
1995787995
171634291
440375081
5563355
1912523935
493501095
326939923
667520151
159475117
610035609
2142694093
497836425
582651705
1606283977
1655026359
1472592895
752824691
1195960787
348684895
1860198415
1110074091
1718071959
1942502957
1308314041
694199041
1192875381
1541876555
279773643
11168739
148124873
1730403577
947791913
1661071509
376052513
336805693
1269646071
872576669
1493278937
1258678159
1970241107
1497918969
433074403
1349458719
532952799
609017673
782600295
900177685
670946685
130304737
2115449027
1830536167
1724806943
1021721291
1202855735
1905225583
1153705679
1462836153
367931573
2010064737
1060033675
641260473
1144570891
1274953165
784586153
937439705
1373055861
985118883
757009389
1162596775
1257966987
1101096917
1759259133
119701537
483744089
945719453
1827310173
1907938455
316031273
73154775
1461570425
850704521
976673459
246703719
1683916307
1956154769
1849845541
1651801073
451575667
2032411649
720289019
1532373799
1981251445
1374940749
401085185
1184386349
632637155
240925697
209121671
1304575257
1703764869
1266861893
237640441
651645411
1677000101
362705873
1640271325
1327780195
1336028163
1799445809
571807423
713586713
485387835
1424686093
1434146463
355727353
1869401823
1640730893
1982617655
67428585
1233421203
1242917649
760988329
2139189499
911297935
1640263937
253623417
1665431861
726595913
38183161
499406851
1568621501
753622107
1808960437
1577639397
1318834985
1341255671
1636433565
470533317
1457772893
704201777
355724491
1405942133
1453804301
1788804443
913379247
1295109519
564020891
993148073
2050921791
851618193
1747243667
1564684677
122247631
258388619
661165319
1326650213
86077005
420792285
63571187
1295952269
1256124821
1490731809
1962226639
1743018623
1642325799
1678174557
1214146627
1375316217
1529922677
1049119223
727587961
136124125
901294125
1875658323
1806629961
2005783203
1911971091
606280133
2128899453
1871892851
1745058789
293936379
1638410877
832823121
707624585
554164363
1968721367
1525023145
745068735
1338896765
1392520345
868303577
2124398645
1465821461
2110902017
541767219
265141867
786964629
1860861155
1167960763
527903927
522911025
619402811
803350957
1277161433
1449536159
175436169
463042917
1420267481
391830357
2119014123
17356669
1033879505
1077196373
1877677201
289807377
998757931
1688548431
1894323599
1511731733
1984226005
1216268477
732479807
972386533
500548205
1969580853
508425297
890427409
1396169969
376472909
1759826441
317670561
1961337743
684263917
1765982233
1868994191
354182783
2090164823
2088831499
984057719
1251193493
428363439
2051275509
541281467
141015763
266069533
143193583
1306509221
309085443
1589461601
855220199
717525457
338352713
1765608783
941905149
420907759
1671876475
1123644035
1944864967
275996615
1045039779
1644421017
354096437
1009447979
1054526745
643713967
431580917
1566161119
1211177015
1006901837
308743477
2086088873
463141061
522716415
1818036453
1337613397
1097473649
969010103
441915871
1638433449
1289957175
535675433
570817373
1484745737
361732633
594644951
353722031
65624869
2029658487
1555752233
208276937
152153631
301919669
55429645
1202304447
1679976959
984772527
113755661
661067025
194624621
447139669
1612603715
159012911
1096094707
2027434155
383661233
2016521089
842096505
29473255
1577414473
1582682767
412384223
359950569
1077151669
359281077
2086644153
1893441581
360070613
1058367003
1915917793
563711483
793222313
701617951
420553901
1357041719
539163845
1265222229
986443771
1909859627
1370610013
1402039507
1877865061
1347159521
254939469
1618257855
443966169
1871363191
1049516937
1757322815
2052549565
1681882131
1635181449
918382441
1565914437
746213647
763562965
83857149
1187324749
1977866171
1911620569
1427644385
1206779503
1975315319
607237923
1490938217
884695025
1138651357
530329063
135536405
2106188659
2130497293
1943075547
288763067
515774471
587484853
714669021
2052290575
753833735
1421233103
2090910115
513465135
318248749
230228259
1241926805
68056857
1353242217
75964275
1071762413
1187072475
987730603
751987453
1203574183
259365663
258077859
1958548817
2032607019
972976515
973344727
2004251539
630040681
1417966439
891535635
1904132457
2079194317
543714799
2055270199
266646489
996741209
583633955
276485297
1070069583
1684114683
683798611
483043743
1693095283
1918197675
203880003
1616033285
384657915
2088675681
464454913
1203426189
1222973775
519573667
674487017
1780091707
1809125669
1470706207
1051237147
1786803313
1421045237
56275921
1542743609
1902765283
288218347
1581621763
2087563925
553427991
1949359791
1038095569
765761821
162716747
1616484013
1925493723
1333152163
803363437
1835169605
230562639
758235631
809540517
1900673715
500015147
2073673847
866613437
2085185049
1942445697
445474171
329334913
591361867
944124033
1035602749
539685759
221414657
194350515
706495777
1816649691
1355249921
211050337
1851537833
1158513521
1877099661
825765057
1675372691
506862839
863206201
1547112843
499463057
1305346015
866200067
772631387
2122869863
1694326831
1760705913
2102500401
1080272841
1807672525
1790500125
1240344553
1569035397
688211591
265266447
496017775
1821003089
1483831565
1959780003
684254029
1845989517
26895777
643694117
1126874073
373768655
2031579185
1446720811
1201589795
962436355
1362785067
666703013
737620941
121813231
894914275
296110955
393764067
146540089
2016003447
1849482543
670648237
351588467
867562199
1126335775
1362328913
1865886735
54830065
252596083
1104436645
1630550079
1161346219
323867213
1998479629
1192522245
374843007
5210073
1681070683
1142638613
365429475
1873507073
720778817
1441267729
2122097203
12118739
1787751509
368851011
353508047
1610274303
1218397505
990358457
800845549
1508033901
214017761
2033698233
1023637597
148096049
1585015463
1370109193
387193561
519985733
1266817259
1917053753
500613841
743637429
1233829501
301221289
53883169
593652587
406445463
1092327659
1732763559
1313406407
526618985
1611612969
1337791521
1645239815
1830994463
529507513
2076340397
1202221515
485769125
1589936485
1946810271
1787564135
262595781
200904577
524859105
856487103
475979881
1934112865
851910893
133783251
1015838437
257914511
1337718581
1104604697
280122399
2104284483
1455501443
1337251135
1112591009
1760220815
1098888169
405626635
1639917149
2093437735
351397647
1151492227
1159076083
1991408129
1993637221
1065968845
2095713057
1152803519
2040893961
568194543
1325833619
17372923
1046050367
140910827
1466562679
2042064697
171362555
939707119
1308456753
1065418565
2129780595
1500203903
321807459
514567161
836257175
1776949445
1301034173
1002817537
385885843
1337313215
26890399
479465641
926774115
289863173
1654734459
1146249947
1192813501
917223095
1534972085
4402377
1368545929
569128907
1509732569
210026133
95837461
150495523
829092877
1698738089
128665891
1818412893
979801829
1680023255
304200417
867206441
1638196687
1070455643
1975429845
778849605
6096851
1949472503
1656950677
2032263781
1783532305
1794509909
1957547409
1006668753
770875165
1404387523
830689615
887910903
994072009
353396813
135234139
1956793243
1738398635
1124639855
994418781
1279722157
339889529
81545069
1437263329
815550305
900770991
1671994343
1407666779
835234585
761245533
1381901539
837192107
1140348431
2113945145
1034726067
1749524147
852596373
1780685489
1925255825
518724795
1157096553
937760359
647912079
949039859
1867023583
599824613
1266637281
159374961
440545111
1664020933
636919717
1217591563
49509027
1802045399
1474453593
2115957905
1804617481
1441392761
953453119
1521947151
1911993333
138791179
1685533427
1415581409
908230147
1518360543
57587135
1837551281
1479467545
1733307283
1416122149
1090245019
65511807
435589775
1054896901
1486163305
1179179113
475178585
1285019757
1683657631
824271897
855409649
1866657507
1960213821
116554611
171450043
302026675
199381237
200137213
1565977603
1123863699
16645873
231912187
2081209415
874170115
1086368539
817230433
248871895
1421389571
1279598775
1989548699
2134854707
310159109
854832393
622689713
463857619
1437232307
1629343285
1640093185
2054105067
1840811439
53749475
230858155
715445847
1538512959
1771323813
417144641
1337349741
712451865
117156881
1797455105
1615281063
1759679797
456215249
1110972187
666046663
2052712725
566274757
1846713711
1436196243
1287365311
170104757
902620613
1960405811
352466403
1803678379
721915575
1805990143
1104378409
1717605245
664646119
1942223177
429486519
1109346835
231270937
413534973
1176207503
850253419
564517377
53744125
1315808661
589247139
736703047
100905941
298881393
2143435753
956266039
2068076177
2036696041
1655839903
962822909
161774543
309266163
1647025827
1075286637
918000329
1534325195
871319303
2120167723
1235076263
60976303
806061273
990302417
574053187
772104821
1822049029
1203481547
846434525
1633604993
373330447
48721407
1835423979
1660730733
2119284037
1657761245
849359389
1243449799
788499647
1605882923
1157540761
563281843
1042082927
978628071
542629147
1846128527
1361392121
142948129
1119741259
1408448689
1230066545
1072686157
1710045693
2029676617
1116574701
55777199
719770997
669345485
838795781
302435771
529336327
1811293599
1104657995
349062139
399069531
1165698723
1319307265
1487591173
1650304303
48294223
713791335
1141766287
1023128497
2105696153
1614326001
972043345
410878805
96786145
876339171
172850921
382088029
88229483
1089133435
227608587
562755567
1833871837
1674433479
822071455
121268715
1720595133
357928617
47109481
2109387913
1951058903
941484047
1798932433
543678755
1818415033
145340811
1939953071
195551783
2146739207
738552143
1138556575
954940153
793267259
1360049933
524152627
1165429447
580822643
1808769047
2040524215
1928054691
1058765831
1035067285
976236549
1520004915
1245274483
707797415
1421579537
708734319
1584104735
1620091649
1327715583
544096497
1809152779
514854847
1233014449
164227183
393993231
1811144567
2028359451
193036273
1086085879
1858381593
169025635
2040904431
1586970919
1934684835
375516321
1131388447
866512053
400781781
1956009575
1291723327
2036909919
1935757913
865659207
209987095
556556003
1328791463
632652783
1716435327
1882287457
786371505
2076981955
1398970291
357155251
1677640217
703094291
7429603
1143912943
1013792957
489626265
1502888945
28410329
1030100011
897240133
187781793
1627886367
1183926497
1876308279
78290549
1090530221
1217236715
1624904331
940996321
1208250621
1523561347
960643769
1038828429
922807861
9707721
636884093
82283367
1783752559
1813768219
640631525
196611069
526910753
683285745
1306606655
1498663017
658386107
145098259
803469729
1132609509
2116488865
2038773179
257433425
733729083
1291817937
1600320113
1740453311
1163346781
881994937
176840561
1699588093
1688050797
1916010921
2128379053
1490858907
1453044585
2095518727
339222525
1518299799
813931311
1362699733
1941676429
31458569
1575427861
1123438447
407140091
1068551813
1261910299
1921436023
1535941481
364798657
378922349
476609525
47939701
178415337
228727455
1638725771
1680984015
1179630535
333460339
1343302473
1233537981
143397009
640118299
646365295
1366897025
1279147437
1726230559
59515693
1751673721
1261255349
175106197
1660363021
148373629
1441808669
127108571
1272618597
1044496803
1638343775
330325537
875552701
509786673
784535705
683367817
28566729
31536117
1665679847
1029415267
1718955445
1429237829
1180775801
1885084741
111164375
115283497
1497024163
862649885
1653301883
393368005
1671958163
2067543887
734460131
1508483987
1862118865
6691671
479279429
235266897
299491631
373912399
696932005
1450873249
1494442077
135377645
1402429423
1464344945
1773383343
705750331
2062827909
1875075165
1962995355
2036835567
1557811093
1846613811
119124309
2069325303
307767431
1768329413
1798834231
410666905
783192181
1513013753
32388751
467912353
414327345
1313336329
1091735575
1256155897
740557203
716464517
1892545889
569636671
323388531
1557425105
1819063033
2006361401
397133365
195659877
1286142323
1284566413
640026957
1013016193
1134997487
2007273819
1876601039
404750035
270319711
1073013349
1949853779
172558179
604934597
1278407643
1273319547
1223171359
1587940299
1175852281
1362099199
258773061
148888793
1691296403
735962427
1507470973
1736538257
451703947
1534445167
1760722015
1429411103
337938339
1432733747
928089095
930954635
369233585
406905797
1088115629
803056303
477801965
187556531
1968464409
1518138445
1400195945
155597859
1966027385
9170449
1107054885
281264999
1849903965
1693826397
1077162671
1412393603
371161235
456110477
1230072009
1367146069
1209821335
1056659471
2008781115
1009515795
32487361
773907255
1951905349
1953460401
1015049847
1239109325
1607606709
229611777
48551619
773017379
951824727
1110088913
632585757
1780116565
1316394125
1911082457
1375868419
1548774037
588743243
981720487
593116003
1520642481
636872205
882149499
282075769
1027935819
1832391641
1226080597
216941009
1311310849
1320735127
2093055313
1501864363
773425483
1744943295
390508765
1785648707
84036919
1391485729
1606000487
684659991
1379486657
1347593979
1172735761
1267750607
1843258105
823913183
122367963
956234887
622301921
2125805709
1630601593
684072155
1446305867
89073625
1081507495
834811175
730889605
1164209483
507949209
2104464565
1752621613
603415355
39823845
77081399
1516025895
819562979
866254561
702306113
1870858551
584527821
1441192627
1370548211
224857335
86773817
2013267579
1783385807
1124090101
1773126087
876019423
218090977
1725337537
111301027
48203629
1665113129
1206649227
247812093
706996653
1401248613
1202598309
1634830789
1086950357
1286679789
1418969725
1510038041
1586391137
1405869391
701713335
1913227199
434127599
843169443
573074685
955383755
255341923
678583963
231793563
2021266111
1429822591
828109399
162362073
2095905659
368362067
1262253655
1642943715
63667219
848355049
713002345
105684491
1828999181
953524429
2081105101
392314351
818045293
816607205
1558220951
844639429
754421669
186483139
2018377237
843750415
1975698217
1778980885
1912201215
1832174279
1829235567
1989435401
571044395
570603505
187822861
1651716981
650521729
690217623
478699539
561491603
597467007
1362029325
1234060049
440969993
2119051651
1131647851
822745829
189979993
1556378749
103246523
1479758283
543681995
1332379861
1517337957
716740491
1196296477
1199647381
107982305
1908030321
951509101
50652129
533767095
1840623301
2019110857
689540653
1181289835
920407567
1123346013
90482173
660627503
1960478643
751094913
1602528603
681049921
118262173
166495583
180724791
561532511
190683885
683167697
1185408577
602121479
1512872927
92387555
884723937
1903832253
169515099
832889267
1802033851
382845459
1847685187
116602781
2127953277
1704173645
1854291625
560520725
528259173
101294839
988124793
2075225491
448284239
1357405187
973466169
86173935
898303825
553924105
1507223439
1564032449
191525127
1119273625
900158905
1642742883
1532958251
1047233401
1970508155
1975918433
1536266719
276340177
2057813429
502922249
1105383365
979667669
1933859239
568334603
1829369875
1886804099
788925427
1761200301
1864521595
416708247
1598470173
955632907
1782117519
1669224731
130985271
719089171
1195800829
1012950945
1696231861
1965407031
1647981215
454987375
973556041
973354499
785811015
824807849
2006950391
1388432227
1039748953
74528229
956553815
1964170615
584246325
158729725
1344795645
790468937
601622641
314694547
1858904013
2082939157
627900501
1988979127
101655563
138790091
1914908747
1634929191
862175167
1098415599
447893485
819330025
931185105
1069424903
152113785
344464267
223675035
539238705
1645404819
1996766075
563370051
281598415
1452306511
1545640683
1955799535
1266111107
2126158903
1693634477
787106879
13940369
524442995
1534580023
488497321
1228607945
1284957385
1585186957
226390565
1327496967
590049747
1255348143
347177591
2002181587
261715575
1826749137
1975372759
1615677839
2143492355
138814247
787468767
1089240805
446228145
1972255503
583793119
112411299
394033207
97048489
1269684113
1328423709
277104421
681994313
1334866709
888982585
1639905955
425221131
757985001
688710517
219136199
737965073
1988884193
958247977
392517931
1064573417
1719110167
1120573897
763608049
1765892909
1707823283
186288197
266948023
1323516957
820286577
638657363
1742408069
2128071493
1700530367
519043801
1911392533
1130604275
829972145
1514290943
1663631147
2032619943
699301581
535287127
1927905389
1558696489
901109717
1857201715
2088279527
1264348191
986238075
1995282427
259023447
55689797
191806023
276880043
784929123
1619169831
2074702203
1655655613
1756114425
2015793149
1670754071
1400405799
1728401893
1539399403
1123552183
1663023055
1391642771
147291169
921588617
2113937103
1440619593
2030028163
57274383
400800153
1326402223
2000912665
1923868519
577252127
789232353
1365763225
346559519
1690006821
2007042473
1549319723
619157469
1795043859
1782563921
1802634637
160022901
1926308729
1315133941
421168753
529380327
826894183
894852913
285554733
983098345
109179965
780103919
704072305
161937207
1456389055
604947773
644923193
1954928747
1698249599
2097304435
1516084771
1386706501
902432275
1293805731
1368754423
138651889
474055687
627300285
1645730735
538096927
1723558941
2024911715
2122079925
1124250227
1362736087
1259889125
1609385581
650348535
1908849403
1285410755
1771698951
110564909
613225669
11598827
1883664281
2086373797
621055985
1458372657
519200883
1239428961
583107949
1063281017
1645069431
186790635
973146273
139077101
1610604557
1797947291
1917325537
1436893143
2093772965
538493661
1462989265
186314167
343820951
1123992387
748164631
1343960385
447386383
635828045
453783459
538741793
107266015
1956731093
1046002305
296523611
13489315
865555293
1923325763
1733046763
1864179491
1409708155
766104059
1842242287
539669
1279472221
1375647633
361458667
1101908431
1569122311
80160509
953158083
329486403
983620569
1416222573
1646122025
1017323769
149640741
1191807421
126636465
709528975
1218586169
1781080253
100541997
1810487903
479711139
173817703
332510377
1120383725
1088876623
821117017
1319487425
1947535775
291131791
1862529131
533969737
590317225
1939939327
447207897
2097830141
1633430319
755841241
330106777
1482126231
2144230691
1339334149
1273856263
1910876833
26578455
107044133
1959067967
1089788749
2049495391
1367832721
1409295909
1581480431
1439337553
829808863
259109057
1846805
1537088863
1936772833
1705409085
439902165
1261031909
337109391
1223323103
265186581
789283397
1254188941
666647375
588866573
1549862447
1791489719
1684958867
917090305
1210328797
2038933187
286700997
1766356287
944883441
1117576613
1385184177
679457059
1634853535
476771405
349291823
758137823
425067827
750412625
224159177
131091945
788066145
1901214605
909344937
84463945
292277997
2018714107
645767121
1616679025
773570783
1862624991
11922819
833749807
426120949
44314167
998596745
1208522233
1738220601
1609864663
1177050337
362706799
360127549
342599701
1202439977
1745172667
208955743
1308593053
695324817
545706649
2044111197
1011641501
1953524969
387755887
1166527183
1446733821
875938375
657184313
968035265
1022422801
567887009
1135541497
738399655
860299483
63413197
763429325
1757210415
1483885447
2135755441
36540905
1021241617
418356231
492332093
702879205
2029090817
666674747
163666739
375704691
1448132011
96684027
661124187
821066455
1401570267
1072126851
1869794735
503294919
861702341
1580118483
1207231381
1439206721
1827728029
1294938579
1343057927
834840707
1635072039
1126664327
954348241
877413445
842599037
373100583
1858270683
1903581319
2128681609
738041699
1617983165
389992645
1385347621
1141175671
1857775233
552679645
1220780527
838022475
1949274513
1886095273
450040207
511676145
33264757
1857189303
1013546137
219005231
1453245621
1446646603
774439275
1429769367
841542723
1518947939
52461011
871059629
1667363243
1681462307
1747940925
645913515
1052858589
1338608467
1882906391
676249423
995357807
1531971505
1977487743
769305679
2138150929
92247333
1230981811
1955739373
1623583879
14649391
2008712349
1644398509
2096146321
130990949
1037560101
2073707451
1421088317
1797003583
995929961
1908296579
956579377
1726560623
895979847
1148099641
1005448615
1111187637
1212365645
821735583
431326703
346348551
1959544115
939079489
285874895
970659247
211230719
996965587
880353533
1288785923
656441855
229696735
409309081
1716008639
568847981
1566333143
1326556571
1225163319
317206165
1504450269
2095793779
1491054249
1395505831
450530013
483101123
1892438473
959158095
1456854557
1781780265
1608993507
1516218897
915560771
1796334519
391674507
470433991
752330619
280828947
20841459
1538900911
45427953
423778891
315139531
1380228637
1847435055
829384185
1141969949
1853908389
2141225811
384153989
395901423
107086401
781457891
1467071109
2106164647
1865036397
1005594695
120872835
2130856267
896616453
2086031989
513034925
1787506085
1114295293
176501733
1072333413
308845153
2046647829
663062887
1573343497
1595829147
308298721
1434960991
479247185
1969889587
1829721441
422310951
573186323
627323653
1872436537
566707283
1465634589
1032344801
2073308223
2092798809
2012036189
1308356247
16032985
809331263
1383726405
1002630831
930378227
1533443265
1842690623
1155496359
1217808353
58586523
1662442661
1626591915
1445641161
327901149
2127895679
1998488607
889897979
727086121
578798409
671135963
524448207
113401243
424052159
1933904815
1380770465
1225669159
1449913947
719910887
81856107
1276757329
1695956261
1494076963
1989318541
1978195701
1395802445
786017641
714461673
1701664501
1183111011
442952833
824868143
870072897
750778973
1763581889
386247337
269427707
66513745
1207614729
1001209843
1860894191
1931167803
1800653939
138977955
1411591607
324760873
332083623
875260567
1565312805
1187054277
858517973
723190351
1348786913
1723592541
2010510155
743078883
830486725
1413004693
947427285
230582727
1387877917
880291917
1050313987
1835067323
729677257
2041286963
1411697133
940778261
1239241225
1049450621
706857835
1245914627
843449063
651023353
143584909
1542019769
2089988021
1646781229
227269137
1187229777
1105978699
402136949
778854155
2003028951
399838933
1955345583
1260484615
604576799
49953251
1140338279
520858341
1505272553
341371579
239095517
436524885
763080325
1489516171
1596799315
1670563935
2038088029
1685594291
1127765871
1537742543
613117915
523298031
1742082313
124578037
870031267
974202097
1366882355
743645803
1462077821
1787216345
2046065579
295188069
681492931
1345421325
1748956811
1334954409
1777450863
156762893
2120598285
183542825
2029555657
844410271
1730959541
2053773293
801877903
883301825
18772095
733061927
1722583931
631789169
406512493
1169902969
1424238529
1957633151
815617505
1142495627
1185360835
1123877425
1277548165
190081501
1131845259
1186475419
276385493
1596093961
576462787
874243151
852648125
1556549301
719508601
1886889525
1065420009
562752009
537983895
597992079
1700147875
1548665639
570556573
510883981
10321395
175886287
21567909
1972517777
199718515
268347951
915852487
2140408073
884914791
1531231663
1756619369
945163961
2138311527
1310422019
931938557
740237221
1634598677
467275217
1202354873
360044061
803250591
1084814187
1753314559
1297340399
1071675431
384126039
1924932279
2059073183
169066441
1256393063
148363511
574782811
1496635159
1120486913
1439937979
716435533
1980449991
1746230815
3852281
1096086935
1068617125
470905479
1179002603
806166367
318507267
1151256491
245472309
1111654361
1654356755
934210291
1575685929
435204545
460728855
1871490051
1356521537
683114339
1977133919
2136872641
711616247
1115215153
1028704443
2016942939
1766784477
1562480143
963145587
719972413
1633916527
1478086825
30414713
1292148459
765286951
1350453413
1199624433
648498851
785712361
1566356053
1727603623
1188535561
155533103
141892151
83261051
480120767
1947722493
1663227345
312172445
1916233657
187802469
1762649703
1913665611
1386271535
1711701501
2066548281
324957897
1139779279
1618428079
482445929
9145155
1229198513
1286301525
2055960025
1549903065
177309115
50779373
1323651633
199098129
1222471163
464588519
535847701
1240205591
1903590995
1666301449
1196829535
1308261645
422170051
1959458343
497744189
1271756293
1658690157
106608283
993779145
285608235
1429825043
1261177943
74114541
1990187065
1738709017
263795427
1977728199
1600681197
187069649
2010736161
1347117129
1994315453
276725007
941943491
750594047
1124133377
1795271359
1113842061
770490685
1259770437
451922391
708662915
1088994393
225312499
1784781899
1866436107
862486189
36488837
162154061
31180295
1754101809
207158851
1706155145
320465005
2011152917
117509049
504697103
59502455
809312233
1729015651
909484185
214019871
647283775
750228073
253032501
2092934481
337843419
717969057
25669575
1207121305
1392666691
1089505757
235858941
670016405
1817865319
1565704343
1842154555
1428778455
1631793555
875168379
342624235
567661021
1452288729
197709995
1494617439
637682673
1520927195
1262813951
840049215
1583209873
508381309
255095423
483475857
1838124825
1025739209
2084917777
971422913
538862245
966418289
782908885
1199353715
1782420947
1536398677
1358287635
2049607937
1257627373
1614869245
1916490835
292976517
404982239
1578034079
1615981529
533464675
542191333
1354542617
190011653
1069313887
755999195
480694189
2018213923
1537195741
71200779
1616203413
1393319629
499676179
852858225
1070861117
1656016457
1193066217
2132795011
1150721993
1143381603
1705182183
1207250545
1336179771
1005747857
56582815
418149943
1522128011
655120953
1180790885
1116290595
619551089
1031518759
1982405125
287008855
988471911
1278318183
59070861
723292517
1841318977
476903313
324494691
1970834915
1557334987
530377321
716000837
1987566417
1463841885
700461555
1880498887
812247959
214096857
192099765
618572313
1871195985
1505299947
233987023
719868063
1972446503
772785783
1870292537
609918263
992894687
1915716781
1856977571
495938109
1994294165
1325033801
1310701041
111439153
1338589285
427278227
1112414279
112709565
1008325853
1160961637
1766296511
1989423621
1760830289
1065762037
413148289
1196560249
1798413413
605224403
867334987
2131242485
313015593
423721485
2045641371
84135499
1513491589
53889121
508390999
2121638361
23662867
1001688257
436408577
912595987
605516629
1969127479
1378655851
528556287
348536957
1469315807
5450781
1969490175
1165664089
1586519269
2004242393
115603717
1049950725
979215363
1843263295
166377201
762342421
1265484555
1689736283
110568565
522711025
479123323
777199611
1650487761
218263139
1535670639
145052467
1989031919
1517442329
53082943
632613249
69553603
1856175833
1704545285
619543389
1100174809
1582031123
974592849
1540304887
656417325
1073448155
1315760327
2084040343
2134438067
12334257
1379518629
1234292405
752867289
1013788899
113818061
1539043341
2054242001
2116329835
1477721381
1465488019
164244047
1743622003
50237405
1089445381
764158905
1985672249
408349281
1254723239
1078372915
1313022843
1947425095
2083014503
222984777
164137397
948285365
552645923
439106419
96873717
1207521169
1036191647
595773913
480638911
1686417341
1965512601
923178555
1504774441
2108408395
296077453
1940207079
430898583
408810781
665730289
173824397
154482839
93924175
1151611035
1804036995
1948706525
1796445987
755335623
187934367
1331153621
793703205
27746931
1912991755
146755015
340027737
1312446409
2129445927
331993659
275805875
716290291
498724443
937163405
1924310389
526392591
2063369883
1597186749
1863960275
723224599
1714004489
1476243759
650055277
1500050285
1531079137
306326135
1879691909
1261624749
815978055
2053535369
1785128243
1978381571
1998274097
140159843
2000451917
1091727529
1479397349
1496909947
1795244975
2107845645
1933414697
241400425
1748082847
2113899021
588070593
701739809
43871809
1644050011
876923139
1813870843
890094301
1428445289
1087204385
1602077585
608678095
986857559
919049259
24899759
1052319
950684259
367123351
278435161
1790516253
571565983
427552531
393311099
1277659393
777593565
17349889
1338226717
296789757
1289049633
1633492639
1722571685
1949903529
36779725
883112669
2111117435
180168195
1286170641
1294122083
173422973
575475651
298390513
1082304603
1874130231
157944731
1746191227
1058137915
933723607
754663935
1144158639
953845091
1984163997
1013761571
1527530445
899783265
435614513
1185001435
1310522107
2050814235
2019741161
938932733
507698609
355369813
403169427
861854559
142653577
294926933
1341628333
375703375
932702809
1378398793
934412741
731039829
1277969921
1838349065
480377411
803192737
1569400109
912255553
417116073
708992377
1626389191
17589903
911002335
1988271881
345010637
1213485373
74413465
1566622657
2019146585
1867132269
781346047
986979329
1765498229
601398703
582533781
526667217
1094151061
1876596161
1220899171
508375295
1553364999
307972691
2082817909
218185431
1661946041
1303194225
1067828361
229221197
2085953347
427790473
558190451
1555880545
556890595
609987409
1787974777
1523580805
718239569
1811329029
1233716635
1110080953
1108227483
1670141771
665012561
720077453
1044650933
1442235983
419403691
1918799977
317306747
752542281
1222234665
1252813921
2146902263
1646676321
1509060947
1030342441
65887171
998599223
1979111095
546783119
1526631379
1273442935
1650304521
1951875507
1792337855
650566245
1566762341
2122441897
1949533497
1398492597
883070065
289791897
1854972107
1283257867
1836067867
191439479
1984917977
18483247
494997957
711893461
2041111683
1473915615
1690500793
52058523
490756277
1338287653
1655690987
1962433931
959094659
2002266697
1877948135
1922740037
1268951991
1271935025
1067155145
373326497
905939649
1303847471
633950817
1324763225
1768736503
1630579495
1552911913
159228933
600879699
1866698429
544571725
1280558839
590821849
171521113
984321653
262562499
669652783
1864939443
1278782805
743346621
278789449
128708517
1307357841
2129715359
106626379
764111959
58242617
271141561
1472950521
2095249147
1995280353
1905956865
621838795
653794737
1534564173
1180221805
1614827245
1163767797
466716719
1881891383
1702247093
161191987
297339369
1082451857
1821333797
56583609
882106379
1065604843
1248999773
180048535
757221107
517101089
1010688117
1158510777
151452463
1326408459
2108217945
1643420211
1338096249
325707105
1239114107
1744822247
849271117
2076461319
514355393
444420775
694594995
130722563
1846553305
163350967
2136331547
1694856217
1658245683
1772356735
1629408185
1713153195
1093756709
1524908467
263543813
539770343
19121705
1005425233
1135214317
1002959303
13799695
898535409
239248593
2143374413
951553495
461925075
1253432235
507849577
317083227
338034389
1216801923
43097131
965545389
440803515
582754215
1690582297
1596095935
2128212807
269910313
1658742291
247483113
714016001
1261618351
360106355
19871319
2063564447
1662233541
1972789881
110214519
1736095579
1658805771
1357937191
178767561
593614519
1344384103
713473481
210510393
376374851
1185410203
2085642627
1695793953
650581549
243523607
1153057377
7560697
1277873613
1882128315
280317491
83712973
1321047209
889438575
1238840145
648998311
1011803481
2021210883
861266077
1510281767
969209711
1153744461
304608035
2099510323
195715291
292597987
1512764935
1063728107
697205439
2003174477
53104919
741607621
528562325
1658368459
728868283
1389298495
1215373377
1741542053
894606551
1160003029
876581213
948707973
44389023
62265103
1776844589
1664999585
1029436851
2115050111
2078559499
405641825
481021613
755095043
1195347789
2029648957
467914635
7812851
345789895
43436497
1680329525
824458693
2054314737
266355589
765741895
1750972551
218325859
1594389023
1056884733
1630447867
732354225
1645125223
621851407
1169570713
1992644051
1671357345
694099299
1363752763
1419874961
1786835407
819740319
2036632917
584168889
47069343
590253275
782592917
1454800151
598624411
510577073
228545779
2116703251
953571437
913024859
1938226635
1872459193
723608687
1547555359
475874949
1961860827
1355910269
513072219
1022794983
1397348699
120516881
574200217
1587581835
1108791291
2009682783
1637292119
401531511
368314257
658019553
1110569821
778128817
1868157503
423955869
1579900783
716565811
1640943377
360750905
110072493
1065625817
2027953139
837608011
484550663
754249897
914193939
190032281
769206811
1841277319
591231249
99821593
1056893333
2098561147
900206251
1844668181
1784550229
1067744665
1523785407
1487634759
1516818925
443232265
1402388753
1717102689
875690555
499354827
760556647
736730455
1617732753
1472886963
781992203
778841087
861199485
1766910721
722670815
200177107
1038517495
766196509
1970300627
647887785
30146167
166641417
1119161619
969275019
549203367
780742033
1798187523
571205551
1243803485
445606241
1516063769
1500232017
1089821239
1447444507
1933369111
1178706449
1085346765
967894229
1531609651
1490552723
2039912789
1654848123
687139877
111133103
229259555
1474478291
1743243251
851035371
2025051947
1363865637
1314989159
1747544345
1830228033
838767551
1875457719
839372327
185687751
975542219
794569869
454332735
852723055
252510713
2036659191
1138482501
272811075
1963258663
584274325
420495689
731291037
1923547463
1031584173
351681515
304044381
1252334305
114659945
1123367059
607279897
1476031865
192059623
1653013731
1159274901
1999252067
808112845
1331422931
359198577
2029460089
827874719
688010219
1429269081
1043237343
1305259011
107686155
384995561
2058851709
336857677
1386919271
1161728287
1263174307
1062268831
1118402115
1400257317
183380383
1020067303
1375212885
608884951
937093791
1409189993
530928515
1793955977
18105409
595790703
2110836569
1284195981
634491657
1917171725
1620354041
1600683227
1780270681
284056237
816894883
371776645
325176663
693085963
1596615533
1103183273
1295325415
1167053605
1241019871
960690805
1452367341
2101570081
769951607
434272925
56300833
428829779
897548187
1089410105
593999743
1869762837
1036794539
1042317663
1588262927
2002255281
1320186051
389900639
239491569
1625719975
802026817
1328791499
929514519
1189604677
1940389181
1342448033
269394059
1226601725
1292656309
1408583811
744173329
1221180003
835615135
175339915
2049091901
957923877
247839379
1895894349
796707307
1851230079
2011806067
1732308459
1588035147
791842959
1130631811
1497685815
771453433
383223921
162183999
299982843
422100081
27088367
601380415
1423406273
1038887171
697880509
1074632339
885265017
2025906565
1834961895
1935351421
1342771313
1151402781
59437273
644247317
1151012177
1280206539
1586501213
1346704465
549328271
1360849861
881068919
288978015
948463763
1995255705
1469162877
1527882927
525449477
868355091
1891560883
871719147
1263715291
1205369729
1844018711
1406951399
1964365909
938662007
512450949
1324663745
769949913
1668083839
1519355647
1895749317
1064100325
534946343
874620281
22492991
1931320161
1037061993
1804680269
1411973959
1620935885
968184155
515424615
2141144451
798351959
1662328475
1594829615
669012197
2110060795
948712203
1267077559
111424921
1191841929
851291769
1299939485
167529957
386167897
1375221755
1016590217
241934167
1759765599
75111455
66401881
1243390275
1234418273
769430253
941053409
389709845
1050847447
435276805
92393793
1170790999
1136749779
951960495
1777322537
1108597327
939928539
1196073233
37879293
663798007
1493312969
1411456339
1062309987
2012302663
118947513
1220776903
1170305453
1849269949
1625907955
687307353
752782495
1436966299
700750365
1068107991
1253557459
1821928955
1725751229
1192606079
2015811773
2061656473
2000697157
1773965351
315521697
1412414081
215255441
305132313
848865907
871588115
1315211565
1402921215
331058309
1044960455
2044983877
830507533
561133153
1468265617
1205139297
1585330581
1997983893
995378171
1954292819
173275815
985290493
1834361917
1855570635
1598200805
269975919
1065963061
1806404911
1289429941
485516589
1318757467
155937171
1253136873
692076599
528169821
1207140555
68216635
1969563355
945490587
1590711051
1023944397
260729439
530954025
639534373
762825177
38174071
11877761
1333442899
516607387
21799957
236587609
1972614629
657066791
2082606571
690827261
30132713
1483832991
215236469
939178181
589250147
1312223425
243726621
1049791937
1504390239
386982913
51302037
433558085
804801991
1873957387
760097199
176809145
278958955
4153269
1683013771
1222635777
1984681315
992875531
2039492177
411009581
889089921
857838281
1055430965
1653430713
1493525599
314531901
1133465117
1006993437
376194021
1190275861
696626229
1379664637
408867049
73154359
791349805
464546689
1135378071
1513858945
115853567
642299365
1170561237
74751479
1633661657
420651605
566938003
1650604121
1726841443
1779700947
1705874119
1822568365
397230793
1825251461
447903511
89971319
524556667
1838741157
1558194113
1322737857
317286359
1508212041
1884456777
1104900451
584669989
618853811
1660460673
89057009
1502672787
1712141149
1579121677
730554067
790318811
227485963
1114359445
1157071083
1428904519
1572093797
467698603
1054716615
210480781
1755344681
2083882673
329107079
101300909
1069390129
66508939
912689613
340437257
312290889
424896521
1127556583
1662206093
2115215979
1827489525
731415241
1813932225
532603157
593781373
1722520803
779764515
514687673
576167701
1300578063
1208801779
785251839
2018561327
1680322459
197441891
265439219
1057124453
679375453
537225427
742114371
1483946259
570472063
1965114049
529361527
1227069237
733364479
2126317157
475017439
73302285
1022819679
1561201257
1621349745
1286681007
2070468185
119827277
1356688051
1589600271
1328718105
1525564955
1597327523
1531360845
1694226671
412649549
984217515
852653423
1669505807
1519846365
527670993
437264409
1970870929
598828269
808709755
284704427
610821107
1861704505
417030021
1742010701
1370102959
244624289
1728062681
1606816863
1601539041
1604144167
335357567
1195192923
1446701811
1507724739
1884564033
821136455
745523523
110873971
366083131
1746132029
1448736173
834647767
1766642729
980566981
86776311
939106983
1084272375
2083108903
1544866611
405998913
300919669
1367980017
789922293
1887450521
119242795
1361515941
2129003233
59329659
2018396591
1252207213
661903751
1004202859
743388279
1770867177
1804316207
213844873
1098110473
984436045
1401357635
157230735
1109326243
13442751
1646449801
1718443709
984064759
511019517
1651674207
1829469507
1041534033
101409249
1279888345
1617135611
81720307
1900389899
1735925201
993445759
1743301389
928503731
549850847
354281677
1813697259
548568957
1552474339
1985614463
965485989
1391790729
961366827
1409300861
665410299
1256354745
1784198647
1509528309
1171462037
802367031
83946663
1210085511
210679929
1516450563
202096787
1723612383
594629645
466457407
1645178203
1272281885
814208377
185851077
1614653363
977226243
11718493
1620436181
79166873
290887963
1256080393
1044493701
1100997463
1124709669
454203003
568947299
1405723441
589259451
818773843
2074996827
1170318927
1491647339
162204383
686230565
521380299
850164741
2119185161
1122800257
952698347
660363627
465180961
677973091
396476319
633023481
318079781
1427631717
1778568243
2131854257
1268560427
1784906363
278920749
1793339847
1193624157
899108691
1991809987
1595483871
1686576273
957752747
1162481501
1437883921
1820496837
936610741
1832291231
1839766411
738002935
1356482399
2069594229
1824242247
1187656783
1812514189
1911809051
1069171595
707345651
1743500379
74193079
193514291
1232068141
126287271
1106570577
1597954919
1424857415
1383508205
1819135757
369956897
587021385
44203365
1150255265
23044325
1356984769
2066064285
882138853
1465204047
22288941
613019205
915002139
1397843113
981416495
996922971
1659481595
62772779
2019397907
1984588851
1434720395
1257152657
1300115451
1814669671
1342069893
2033553643
1858578031
1510260981
789625269
1771393719
1723297853
2015956109
1238203671
379115605
935383189
1467792617
909324995
1438762677
138980653
1955735165
45950201
434345897
1200709927
732139027
1420480441
781221351
970971387
47265685
2031763867
315249847
1809189431
793665991
1344035959
4517241
1780397679
186892793
659814399
2051859629
376671163
886731699
1126578631
273468173
1504805263
980946529
1388066457
1263904375
396114943
934566055
1651788059
729701859
883380909
1029103963
1322646737
360561147
358437999
944826679
252177087
892055405
1046825943
824893195
1440770193
622630651
334906477
1397904445
2133039169
972845193
687654459
83212635
325961585
1989666717
2140528225
1295314899
39879363
1768060099
2042508185
1615800861
1841810963
481362059
1681391125
1541746173
330401795
761777285
447956211
1149687775
675277447
2044363845
625322163
842811997
927711617
1138458079
474421463
1606041117
121594773
248781123
146921941
908701643
773212667
1595014901
498097661
408840787
1596936299
2002422213
637743013
363731011
47337939
1384787775
1811468089
1958243175
1117094929
1485867003
1745540487
1720266947
2031303379
1271811241
155568779
189447273
1839311543
1319745725
1068717209
1179669607
323323817
1526049003
68286535
793132541
870543743
412915767
99086003
1789975183
1095928171
302459027
500394589
1921812667
1891281721
799605985
172509905
413968119
1159399971
1411143873
1248855295
86144105
18729055
49986325
204204527
1365144199
1367882677
109086529
2078844173
6028007
1784556257
1985222365
1628661855
1524312773
1483507931
1123540279
986909285
1529822301
1265671233
1888083887
1903386179
109619723
505572065
699803689
1096506579
812507673
1410785357
1976019517
928243609
1209491747
355591219
1788621577
565841503
1089500065
1179428141
261755397
42581905
1524509679
792103047
114410509
1034601271
1205492989
734194395
1100108059
1168794755
777817371
2075999293
2111506549
1681871379
1853973137
1970184911
254331399
1871414433
1527491361
704163741
1485904765
1046064613
2008923857
1409915521
2066049669
1983772439
684120699
741643547
260594989
605558711
1720138651
2072722799
29103883
2105699127
1272274863
704750133
118182985
467251925
1114105197
1084473785
15136425
1292732079
577574591
3330033
1081530063
2079339061
394352273
115712531
1884610665
699485613
1698116979
1353085529
1977054693
2054879439
1966960505
1789973957
1192348323
143603395
2130474217
783693237
1080849365
1634847819
1676601667
1069541007
69658107
591795423
1733801387
1640100415
1743970849
927942405
2085583831
432883843
1895330147
984130241
784770577
1625040337
1483337477
131962825
1674015361
1093722167
943190055
2006422453
552938493
974637821
1439454095
1262357165
704438981
775718229
1116401503
273875015
1189484313
897933299
956027753
193600155
2003032585
451549509
285861241
1029664801
1218680233
1679397881
221235473
828789285
349358757
1661665051
928192215
1886746209
549013241
612355555
1423164127
477491793
111851991
854345099
893781271
36167605
336325687
965765203
1568132373
1503939329
280419933
569098029
1596795961
1002218521
2116688103
285599927
817193693
1020068077
566183943
539037071
510389375
2072464411
1958854361
21180125
760662315
1233778525
306567097
985141283
1231638497
593012339
1933966797
702249613
1271641627
960037831
1392087159
952523655
1358766989
1338086351
669431069
237544333
1792960791
1752763223
259839231
355344901
1551582377
1225526779
1262594087
1842002959
2081951651
857696979
351582729
848909835
1028014967
545518687
129948357
609152443
668352481
1172886469
888554199
300771339
1424976717
1128133675
1843940985
1078185261
738700211
285194993
681121141
1589058583
535556007
721904587
1635439203
364157141
37040961
856482907
1461188527
1968994095
1976671183
2127619443
77699441
1381527071
1334729437
2077862845
2049328321
1677861767
773443731
927834973
2024223543
2104581497
1562508743
1918472723
1616618431
1377458747
1389405935
2037589675
295613251
1026495043
1125120345
2059158457
583837685
1749917257
1617703365
1806257097
1061273627
692120077
348372777
510167445
1462138395
1675767801
772537237
388388635
2234599
1565601525
1387717695
96754713
1637179221
1217628751
2043237721
2059075329
971473147
1268646075
2042906655
1737024499
1887746335
897385671
950992117
1453748727
99074039
1346073255
1422157611
1497940225
498689009
1448820013
261943327
2142070595
1874721309
1177316117
1039317583
255838893
307572701
2012519333
1111474793
806709173
849168401
706222975
963425813
788054507
726650849
1830052277
2014596429
1051808755
1689285399
997292723
397572087
277891931
1978578619
1413159363
212852911
1635588671
1363436187
841741541
888918413
289304353
1105249619
1501110023
1996709955
1577650663
303551925
105080507
941811383
830524013
42689839
466833299
875191255
822324613
406841551
914937031
1107900811
446984787
273828089
1354835799
107259037
1613954621
101186023
1984598647
821507471
1527149197
1703320097
60249813
1660078049
1049326981
620350753
92279065
1792742655
1707554173
2005254207
1869561623
128792357
1269861513
5505789
836331185
62644665
505821109
1044678539
318331323
1500286265
928498801
2116955021
260996407
414764833
1280573253
1367783321
1468455745
362391959
31653877
859453213
2068040151
2127625351
368541365
291225009
578039907
2030219879
1846750795
219267945
386044433
459863733
793639465
1855986463
522371541
1714261537
1456189233
1013433963
866958277
855457
218061805
1244262799
406040353
1593040435
1605018469
1671596741
1975756815
960361773
759448787
295684331
1246323363
959233017
836289589
1429255123
395688241
1003646745
1950169529
568556103
1029456539
810277419
644907447
963551769
896246757
440729891
366450423
1278228427
227886547
1573872579
996363361
225580033
1194041689
1905277553
1650779511
1427819103
192675721
1097515275
420619615
1978902771
1504474025
764628223
965118527
1990658171
831807811
722568491
90630925
413243095
323798199
402658565
456241699
1377677055
692472197
644856631
1355854703
1606039217
1979974621
1542872189
899074449
626065855
495657099
674295989
1192662363
603410807
16420911
1269274693
787009697
352216183
1878070435
1133355497
1532948467
781746915
77763657
1038271299
836666901
1026072873
443684005
418766899
1292222649
416102083
1689522957
945895415
1178275857
1287068693
2122039651
1510169931
595078915
174888875
496232443
963705567
1802566191
817342467
1251845071
14861853
840746719
1052093515
1416232739
1262846403
1472183071
896408059
274212051
586573375
1408650711
339296693
1049446377
2058436861
1430537119
1645887539
1442086135
630342741
1974093309
1509301501
1873830267
2085657035
243716275
80374389
1680592991
1745276705
1391383233
857078911
2001209207
1371639197
1410343661
1920872223
1958099737
2024524291
1189387467
178591633
1771692605
104892249
609131007
1325850021
1815993637
687615351
10583897
1196726121
1375066445
350991811
1879442757
476054009
376488393
2021188849
2064389983
848562167
394965645
454004527
497970593
91671323
739544511
1690931617
361750239
210230221
1545040663
763457559
386416767
1637696625
909392059
1363405143
347516471
82583167
286195393
1024910415
335202567
1194486535
1431538887
1689139111
42626577
1359761195
1719899585
753836909
1044098723
365477577
599755737
832753185
400578029
746301937
1329809797
2007953065
